Number of vertices: 10
Number of edges: 10

Capacity matrix:
[0,00, 25,53, 17,72, 23,97, 21,33, 22,56, 0,00, 9,11, 13,15, 0,00]
[25,69, 14,84, 8,36, 15,73, 9,01, 25,00, 10,07, 1,36, 0,00, 3,26]
[24,11, 3,67, 14,63, 28,42, 7,76, 6,02, 15,49, 20,68, 29,80, 0,00]
[0,00, 5,43, 11,91, 28,08, 18,32, 21,06, 10,72, 7,67, 29,07, 9,76]
[0,00, 11,91, 0,00, 26,95, 16,71, 6,90, 11,53, 25,26, 16,71, 0,00]
[0,00, 0,00, 29,28, 5,37, 4,00, 12,64, 10,12, 14,64, 0,57, 0,00]
[28,46, 17,69, 29,97, 0,00, 6,70, 28,18, 29,25, 4,86, 17,92, 22,20]
[29,80, 12,27, 17,69, 5,43, 13,94, 0,00, 17,34, 3,33, 28,25, 0,00]
[21,70, 10,39, 1,74, 11,05, 14,63, 2,34, 2,55, 13,06, 0,00, 28,64]
[0,00, 15,37, 0,00, 3,97, 2,61, 26,29, 0,00, 22,91, 20,96, 0,00]

Cost matrix:
[0,00, -25,37, -13,17, -23,14, 15,44, 9,79, 0,00, 3,89, -28,56, 0,00]
[2,24, 21,41, 26,41, 9,08, 25,63, -14,13, -28,27, 0,25, 0,00, 3,56]
[16,47, 25,84, -25,49, 28,15, -29,96, 18,79, 17,98, -21,52, 23,69, 0,00]
[0,00, 5,61, 17,09, -9,45, -13,15, -5,62, 8,13, 7,09, 2,10, -24,01]
[0,00, 8,31, 0,00, 18,97, -22,92, 17,00, -14,20, 9,68, -13,09, 0,00]
[0,00, 0,00, -5,44, 18,82, -22,25, -12,42, 3,78, -8,07, -26,51, 0,00]
[22,47, 13,90, -21,88, 0,00, 10,73, -0,42, -8,25, -9,99, -4,90, -21,82]
[-23,66, -16,41, 4,06, 15,56, 17,04, 0,00, 10,26, 1,38, 9,56, 0,00]
[9,25, -23,02, -28,01, 21,83, 1,95, -0,79, 20,38, -22,76, 0,00, -8,65]
[0,00, 13,16, 0,00, 0,17, 15,90, -4,78, 0,00, 25,61, 29,55, 0,00]

Demand vector:
[13,50, -3,78, 10,66, 0,02, 17,03, 17,62, 13,31, 11,52, -19,24, 10,37]
