c 20 msec
p min 49 520
n 46 -769230.0
n 47 769230.0
a 0 4 0 769230.0 1132.0
a 0 8 0 769230.0 139617.0
a 0 42 0 769230.0 157606.0
a 0 3 0 769230.0 4012.0
a 0 2 0 769230.0 3982.0
a 0 1 0 769230.0 3981.0
a 0 1 0 769230.0 4619.0
a 0 2 0 769230.0 3894.0
a 0 3 0 769230.0 4550.0
a 0 4 0 769230.0 1133.0
a 0 8 0 769230.0 141010.0
a 0 42 0 769230.0 163366.0
a 1 4 0 769230.0 1203.0
a 1 20 0 769230.0 392882.0
a 1 39 0 769230.0 302104.0
a 1 3 0 769230.0 4035.0
a 1 2 0 769230.0 4058.0
a 1 2 0 769230.0 3919.0
a 1 3 0 769230.0 4312.0
a 1 4 0 769230.0 1187.0
a 1 20 0 769230.0 397352.0
a 1 39 0 769230.0 302244.0
a 1 0 0 769230.0 3981.0
a 1 0 0 769230.0 4619.0
a 2 4 0 769230.0 1116.0
a 2 32 0 769230.0 279571.0
a 2 16 0 769230.0 158826.0
a 2 3 0 769230.0 3029.0
a 2 3 0 769230.0 3237.0
a 2 4 0 769230.0 1115.0
a 2 16 0 769230.0 159542.0
a 2 32 0 769230.0 297311.0
a 2 0 0 769230.0 3982.0
a 2 1 0 769230.0 4058.0
a 2 1 0 769230.0 3919.0
a 2 0 0 769230.0 3894.0
a 3 14 0 769230.0 134798.0
a 3 4 0 769230.0 1114.0
a 3 27 0 769230.0 286024.0
a 3 4 0 769230.0 1114.0
a 3 14 0 769230.0 125083.0
a 3 27 0 769230.0 277911.0
a 3 0 0 769230.0 4012.0
a 3 1 0 769230.0 4035.0
a 3 2 0 769230.0 3029.0
a 3 2 0 769230.0 3237.0
a 3 1 0 769230.0 4312.0
a 3 0 0 769230.0 4550.0
a 4 0 0 769230.0 1132.0
a 4 1 0 769230.0 1203.0
a 4 2 0 769230.0 1116.0
a 4 3 0 769230.0 1114.0
a 4 3 0 769230.0 1114.0
a 4 2 0 769230.0 1115.0
a 4 1 0 769230.0 1187.0
a 4 0 0 769230.0 1133.0
a 5 7 0 769230.0 1010.0
a 5 20 0 769230.0 51024.0
a 5 10 0 769230.0 344029.0
a 5 6 0 769230.0 3892.0
a 5 6 0 769230.0 3922.0
a 5 7 0 769230.0 1012.0
a 5 10 0 769230.0 346916.0
a 5 20 0 769230.0 51697.0
a 6 7 0 769230.0 1063.0
a 6 37 0 769230.0 88552.0
a 6 29 0 769230.0 110658.0
a 6 7 0 769230.0 1063.0
a 6 29 0 769230.0 108165.0
a 6 37 0 769230.0 90477.0
a 6 5 0 769230.0 3892.0
a 6 5 0 769230.0 3922.0
a 7 5 0 769230.0 1010.0
a 7 6 0 769230.0 1063.0
a 7 6 0 769230.0 1063.0
a 7 5 0 769230.0 1012.0
a 8 12 0 769230.0 1211.0
a 8 25 0 769230.0 427384.0
a 8 11 0 769230.0 5236.0
a 8 10 0 769230.0 5166.0
a 8 9 0 769230.0 4208.0
a 8 9 0 769230.0 4280.0
a 8 10 0 769230.0 4704.0
a 8 11 0 769230.0 4934.0
a 8 12 0 769230.0 1217.0
a 8 25 0 769230.0 434017.0
a 8 0 0 769230.0 139617.0
a 8 0 0 769230.0 141010.0
a 9 12 0 769230.0 1313.0
a 9 14 0 769230.0 144194.0
a 9 35 0 769230.0 289084.0
a 9 17 0 769230.0 169258.0
a 9 11 0 769230.0 5309.0
a 9 10 0 769230.0 5711.0
a 9 10 0 769230.0 4847.0
a 9 11 0 769230.0 4748.0
a 9 12 0 769230.0 1313.0
a 9 14 0 769230.0 142826.0
a 9 17 0 769230.0 167220.0
a 9 35 0 769230.0 293580.0
a 9 8 0 769230.0 4208.0
a 9 8 0 769230.0 4280.0
a 10 11 0 769230.0 4097.0
a 10 12 0 769230.0 1277.0
a 10 28 0 769230.0 275397.0
a 10 11 0 769230.0 3918.0
a 10 12 0 769230.0 1278.0
a 10 28 0 769230.0 273013.0
a 10 5 0 769230.0 344029.0
a 10 8 0 769230.0 5166.0
a 10 9 0 769230.0 5711.0
a 10 9 0 769230.0 4847.0
a 10 8 0 769230.0 4704.0
a 10 5 0 769230.0 346916.0
a 11 38 0 769230.0 277739.0
a 11 12 0 769230.0 1506.0
a 11 31 0 769230.0 268469.0
a 11 21 0 769230.0 386618.0
a 11 12 0 769230.0 1504.0
a 11 21 0 769230.0 368067.0
a 11 31 0 769230.0 276667.0
a 11 38 0 769230.0 276348.0
a 11 8 0 769230.0 5236.0
a 11 9 0 769230.0 5309.0
a 11 10 0 769230.0 4097.0
a 11 10 0 769230.0 3918.0
a 11 9 0 769230.0 4748.0
a 11 8 0 769230.0 4934.0
a 12 8 0 769230.0 1211.0
a 12 9 0 769230.0 1313.0
a 12 10 0 769230.0 1277.0
a 12 11 0 769230.0 1506.0
a 12 11 0 769230.0 1504.0
a 12 10 0 769230.0 1278.0
a 12 9 0 769230.0 1313.0
a 12 8 0 769230.0 1217.0
a 13 35 0 769230.0 157665.0
a 13 15 0 769230.0 1108.0
a 13 31 0 769230.0 409855.0
a 13 38 0 769230.0 387705.0
a 13 14 0 769230.0 4654.0
a 13 14 0 769230.0 4175.0
a 13 15 0 769230.0 1105.0
a 13 31 0 769230.0 442647.0
a 13 35 0 769230.0 159119.0
a 13 38 0 769230.0 418068.0
a 14 47 0 769230.0 295507.0
a 14 42 0 769230.0 68526.0
a 14 15 0 769230.0 1091.0
a 14 15 0 769230.0 1093.0
a 14 42 0 769230.0 67369.0
a 14 47 0 769230.0 312531.0
a 14 3 0 769230.0 134798.0
a 14 9 0 769230.0 144194.0
a 14 13 0 769230.0 4654.0
a 14 3 0 769230.0 125083.0
a 14 13 0 769230.0 4175.0
a 14 9 0 769230.0 142826.0
a 15 13 0 769230.0 1108.0
a 15 14 0 769230.0 1091.0
a 15 14 0 769230.0 1093.0
a 15 13 0 769230.0 1105.0
a 16 18 0 769230.0 1218.0
a 16 39 0 769230.0 428780.0
a 16 17 0 769230.0 4630.0
a 16 17 0 769230.0 3495.0
a 16 18 0 769230.0 1217.0
a 16 39 0 769230.0 431988.0
a 16 2 0 769230.0 158826.0
a 16 2 0 769230.0 159542.0
a 17 18 0 769230.0 1130.0
a 17 34 0 769230.0 126603.0
a 17 45 0 769230.0 149079.0
a 17 18 0 769230.0 1142.0
a 17 34 0 769230.0 125055.0
a 17 45 0 769230.0 152158.0
a 17 9 0 769230.0 169258.0
a 17 16 0 769230.0 4630.0
a 17 16 0 769230.0 3495.0
a 17 9 0 769230.0 167220.0
a 18 16 0 769230.0 1218.0
a 18 17 0 769230.0 1130.0
a 18 17 0 769230.0 1142.0
a 18 16 0 769230.0 1217.0
a 19 23 0 769230.0 980.0
a 19 40 0 769230.0 131534.0
a 19 22 0 769230.0 2486.0
a 19 21 0 769230.0 3427.0
a 19 20 0 769230.0 3994.0
a 19 20 0 769230.0 2937.0
a 19 21 0 769230.0 3434.0
a 19 22 0 769230.0 2499.0
a 19 23 0 769230.0 978.0
a 19 40 0 769230.0 134716.0
a 20 23 0 769230.0 992.0
a 20 22 0 769230.0 4111.0
a 20 21 0 769230.0 4402.0
a 20 21 0 769230.0 3682.0
a 20 22 0 769230.0 3584.0
a 20 23 0 769230.0 1000.0
a 20 1 0 769230.0 392882.0
a 20 5 0 769230.0 51024.0
a 20 19 0 769230.0 3994.0
a 20 19 0 769230.0 2937.0
a 20 5 0 769230.0 51697.0
a 20 1 0 769230.0 397352.0
a 21 23 0 769230.0 970.0
a 21 22 0 769230.0 3956.0
a 21 22 0 769230.0 4065.0
a 21 23 0 769230.0 969.0
a 21 11 0 769230.0 386618.0
a 21 19 0 769230.0 3427.0
a 21 20 0 769230.0 4402.0
a 21 20 0 769230.0 3682.0
a 21 19 0 769230.0 3434.0
a 21 11 0 769230.0 368067.0
a 22 23 0 769230.0 987.0
a 22 27 0 769230.0 132359.0
a 22 23 0 769230.0 987.0
a 22 27 0 769230.0 139098.0
a 22 19 0 769230.0 2486.0
a 22 20 0 769230.0 4111.0
a 22 21 0 769230.0 3956.0
a 22 21 0 769230.0 4065.0
a 22 20 0 769230.0 3584.0
a 22 19 0 769230.0 2499.0
a 23 19 0 769230.0 980.0
a 23 20 0 769230.0 992.0
a 23 21 0 769230.0 970.0
a 23 22 0 769230.0 987.0
a 23 22 0 769230.0 987.0
a 23 21 0 769230.0 969.0
a 23 20 0 769230.0 1000.0
a 23 19 0 769230.0 978.0
a 24 25 0 769230.0 2826.0
a 24 47 0 769230.0 1873.0
a 24 48 0 769230.0 2096.0
a 24 26 0 769230.0 1045.0
a 24 30 0 769230.0 758666.0
a 24 25 0 769230.0 2726.0
a 24 26 0 769230.0 1032.0
a 24 30 0 769230.0 737907.0
a 24 47 0 769230.0 2004.0
a 24 48 0 769230.0 2001.0
a 25 47 0 769230.0 2218.0
a 25 48 0 769230.0 2445.0
a 25 26 0 769230.0 994.0
a 25 26 0 769230.0 995.0
a 25 47 0 769230.0 2163.0
a 25 48 0 769230.0 2003.0
a 25 8 0 769230.0 427384.0
a 25 24 0 769230.0 2826.0
a 25 24 0 769230.0 2726.0
a 25 8 0 769230.0 434017.0
a 26 47 0 769230.0 996.0
a 26 48 0 769230.0 979.0
a 26 47 0 769230.0 996.0
a 26 48 0 769230.0 971.0
a 26 24 0 769230.0 1045.0
a 26 25 0 769230.0 994.0
a 26 25 0 769230.0 995.0
a 26 24 0 769230.0 1032.0
a 27 33 0 769230.0 1049.0
a 27 43 0 769230.0 88133.0
a 27 32 0 769230.0 3558.0
a 27 31 0 769230.0 4310.0
a 27 30 0 769230.0 3983.0
a 27 29 0 769230.0 4712.0
a 27 28 0 769230.0 4125.0
a 27 28 0 769230.0 3675.0
a 27 29 0 769230.0 3497.0
a 27 30 0 769230.0 3672.0
a 27 31 0 769230.0 3944.0
a 27 32 0 769230.0 3619.0
a 27 33 0 769230.0 1053.0
a 27 43 0 769230.0 80895.0
a 27 3 0 769230.0 286024.0
a 27 22 0 769230.0 132359.0
a 27 22 0 769230.0 139098.0
a 27 3 0 769230.0 277911.0
a 28 33 0 769230.0 1023.0
a 28 37 0 769230.0 28287.0
a 28 46 0 769230.0 23553.0
a 28 32 0 769230.0 3979.0
a 28 31 0 769230.0 2188.0
a 28 30 0 769230.0 6078.0
a 28 29 0 769230.0 4008.0
a 28 29 0 769230.0 3642.0
a 28 30 0 769230.0 3970.0
a 28 31 0 769230.0 2286.0
a 28 32 0 769230.0 3842.0
a 28 33 0 769230.0 1024.0
a 28 37 0 769230.0 28419.0
a 28 46 0 769230.0 27171.0
a 28 10 0 769230.0 275397.0
a 28 27 0 769230.0 4125.0
a 28 27 0 769230.0 3675.0
a 28 10 0 769230.0 273013.0
a 29 33 0 769230.0 1078.0
a 29 40 0 769230.0 29480.0
a 29 43 0 769230.0 81255.0
a 29 32 0 769230.0 3942.0
a 29 31 0 769230.0 4058.0
a 29 30 0 769230.0 4976.0
a 29 30 0 769230.0 4115.0
a 29 31 0 769230.0 3952.0
a 29 32 0 769230.0 3819.0
a 29 33 0 769230.0 1087.0
a 29 40 0 769230.0 27614.0
a 29 43 0 769230.0 84040.0
a 29 6 0 769230.0 110658.0
a 29 27 0 769230.0 4712.0
a 29 28 0 769230.0 4008.0
a 29 28 0 769230.0 3642.0
a 29 27 0 769230.0 3497.0
a 29 6 0 769230.0 108165.0
a 30 33 0 769230.0 1039.0
a 30 44 0 769230.0 72832.0
a 30 32 0 769230.0 3944.0
a 30 31 0 769230.0 4619.0
a 30 31 0 769230.0 4153.0
a 30 32 0 769230.0 3978.0
a 30 33 0 769230.0 1036.0
a 30 44 0 769230.0 70233.0
a 30 24 0 769230.0 758666.0
a 30 27 0 769230.0 3983.0
a 30 28 0 769230.0 6078.0
a 30 29 0 769230.0 4976.0
a 30 29 0 769230.0 4115.0
a 30 28 0 769230.0 3970.0
a 30 27 0 769230.0 3672.0
a 30 24 0 769230.0 737907.0
a 31 33 0 769230.0 1125.0
a 31 46 0 769230.0 23417.0
a 31 32 0 769230.0 4616.0
a 31 32 0 769230.0 4159.0
a 31 33 0 769230.0 1123.0
a 31 46 0 769230.0 22948.0
a 31 11 0 769230.0 268469.0
a 31 13 0 769230.0 409855.0
a 31 27 0 769230.0 4310.0
a 31 28 0 769230.0 2188.0
a 31 29 0 769230.0 4058.0
a 31 30 0 769230.0 4619.0
a 31 30 0 769230.0 4153.0
a 31 29 0 769230.0 3952.0
a 31 28 0 769230.0 2286.0
a 31 27 0 769230.0 3944.0
a 31 13 0 769230.0 442647.0
a 31 11 0 769230.0 276667.0
a 32 33 0 769230.0 968.0
a 32 44 0 769230.0 73382.0
a 32 33 0 769230.0 969.0
a 32 44 0 769230.0 70901.0
a 32 2 0 769230.0 279571.0
a 32 27 0 769230.0 3558.0
a 32 28 0 769230.0 3979.0
a 32 29 0 769230.0 3942.0
a 32 30 0 769230.0 3944.0
a 32 31 0 769230.0 4616.0
a 32 31 0 769230.0 4159.0
a 32 30 0 769230.0 3978.0
a 32 29 0 769230.0 3819.0
a 32 28 0 769230.0 3842.0
a 32 27 0 769230.0 3619.0
a 32 2 0 769230.0 297311.0
a 33 27 0 769230.0 1049.0
a 33 28 0 769230.0 1023.0
a 33 29 0 769230.0 1078.0
a 33 30 0 769230.0 1039.0
a 33 31 0 769230.0 1125.0
a 33 32 0 769230.0 968.0
a 33 32 0 769230.0 969.0
a 33 31 0 769230.0 1123.0
a 33 30 0 769230.0 1036.0
a 33 29 0 769230.0 1087.0
a 33 28 0 769230.0 1024.0
a 33 27 0 769230.0 1053.0
a 34 37 0 769230.0 548807.0
a 34 36 0 769230.0 1175.0
a 34 45 0 769230.0 32653.0
a 34 35 0 769230.0 4658.0
a 34 35 0 769230.0 4355.0
a 34 36 0 769230.0 1170.0
a 34 37 0 769230.0 599369.0
a 34 45 0 769230.0 32330.0
a 34 17 0 769230.0 126603.0
a 34 17 0 769230.0 125055.0
a 35 48 0 769230.0 150870.0
a 35 36 0 769230.0 1179.0
a 35 36 0 769230.0 1180.0
a 35 48 0 769230.0 142820.0
a 35 9 0 769230.0 289084.0
a 35 13 0 769230.0 157665.0
a 35 34 0 769230.0 4658.0
a 35 13 0 769230.0 159119.0
a 35 34 0 769230.0 4355.0
a 35 9 0 769230.0 293580.0
a 36 34 0 769230.0 1175.0
a 36 35 0 769230.0 1179.0
a 36 35 0 769230.0 1180.0
a 36 34 0 769230.0 1170.0
a 37 41 0 769230.0 1123.0
a 37 46 0 769230.0 9402.0
a 37 40 0 769230.0 4307.0
a 37 39 0 769230.0 5503.0
a 37 38 0 769230.0 6733.0
a 37 38 0 769230.0 4125.0
a 37 39 0 769230.0 4488.0
a 37 40 0 769230.0 4095.0
a 37 41 0 769230.0 1122.0
a 37 46 0 769230.0 9586.0
a 37 6 0 769230.0 88552.0
a 37 28 0 769230.0 28287.0
a 37 34 0 769230.0 548807.0
a 37 34 0 769230.0 599369.0
a 37 28 0 769230.0 28419.0
a 37 6 0 769230.0 90477.0
a 38 41 0 769230.0 1161.0
a 38 46 0 769230.0 9388.0
a 38 43 0 769230.0 78552.0
a 38 40 0 769230.0 4628.0
a 38 39 0 769230.0 5174.0
a 38 39 0 769230.0 4356.0
a 38 40 0 769230.0 4186.0
a 38 41 0 769230.0 1161.0
a 38 43 0 769230.0 78056.0
a 38 46 0 769230.0 9393.0
a 38 11 0 769230.0 277739.0
a 38 13 0 769230.0 387705.0
a 38 37 0 769230.0 6733.0
a 38 11 0 769230.0 276348.0
a 38 37 0 769230.0 4125.0
a 38 13 0 769230.0 418068.0
a 39 41 0 769230.0 1288.0
a 39 44 0 769230.0 79675.0
a 39 40 0 769230.0 6067.0
a 39 40 0 769230.0 4715.0
a 39 41 0 769230.0 1288.0
a 39 44 0 769230.0 80119.0
a 39 1 0 769230.0 302104.0
a 39 16 0 769230.0 428780.0
a 39 37 0 769230.0 5503.0
a 39 38 0 769230.0 5174.0
a 39 38 0 769230.0 4356.0
a 39 37 0 769230.0 4488.0
a 39 16 0 769230.0 431988.0
a 39 1 0 769230.0 302244.0
a 40 41 0 769230.0 1126.0
a 40 46 0 769230.0 8683.0
a 40 41 0 769230.0 1126.0
a 40 46 0 769230.0 8340.0
a 40 19 0 769230.0 131534.0
a 40 29 0 769230.0 29480.0
a 40 37 0 769230.0 4307.0
a 40 38 0 769230.0 4628.0
a 40 39 0 769230.0 6067.0
a 40 39 0 769230.0 4715.0
a 40 38 0 769230.0 4186.0
a 40 37 0 769230.0 4095.0
a 40 29 0 769230.0 27614.0
a 40 19 0 769230.0 134716.0
a 41 37 0 769230.0 1123.0
a 41 38 0 769230.0 1161.0
a 41 39 0 769230.0 1288.0
a 41 40 0 769230.0 1126.0
a 41 40 0 769230.0 1126.0
a 41 39 0 769230.0 1288.0
a 41 38 0 769230.0 1161.0
a 41 37 0 769230.0 1122.0
a 42 0 0 769230.0 157606.0
a 42 14 0 769230.0 68526.0
a 42 14 0 769230.0 67369.0
a 42 0 0 769230.0 163366.0
a 43 27 0 769230.0 88133.0
a 43 29 0 769230.0 81255.0
a 43 38 0 769230.0 78552.0
a 43 38 0 769230.0 78056.0
a 43 29 0 769230.0 84040.0
a 43 27 0 769230.0 80895.0
a 44 30 0 769230.0 72832.0
a 44 32 0 769230.0 73382.0
a 44 39 0 769230.0 79675.0
a 44 39 0 769230.0 80119.0
a 44 32 0 769230.0 70901.0
a 44 30 0 769230.0 70233.0
a 45 17 0 769230.0 149079.0
a 45 34 0 769230.0 32653.0
a 45 34 0 769230.0 32330.0
a 45 17 0 769230.0 152158.0
a 46 28 0 769230.0 23553.0
a 46 31 0 769230.0 23417.0
a 46 37 0 769230.0 9402.0
a 46 38 0 769230.0 9388.0
a 46 40 0 769230.0 8683.0
a 46 40 0 769230.0 8340.0
a 46 38 0 769230.0 9393.0
a 46 37 0 769230.0 9586.0
a 46 31 0 769230.0 22948.0
a 46 28 0 769230.0 27171.0
a 47 48 0 769230.0 1820.0
a 47 48 0 769230.0 1865.0
a 47 14 0 769230.0 295507.0
a 47 24 0 769230.0 1873.0
a 47 25 0 769230.0 2218.0
a 47 26 0 769230.0 996.0
a 47 25 0 769230.0 2163.0
a 47 24 0 769230.0 2004.0
a 47 26 0 769230.0 996.0
a 47 14 0 769230.0 312531.0
a 48 24 0 769230.0 2096.0
a 48 25 0 769230.0 2445.0
a 48 26 0 769230.0 979.0
a 48 35 0 769230.0 150870.0
a 48 47 0 769230.0 1820.0
a 48 47 0 769230.0 1865.0
a 48 25 0 769230.0 2003.0
a 48 24 0 769230.0 2001.0
a 48 26 0 769230.0 971.0
a 48 35 0 769230.0 142820.0
