p min 49 1040
n 18 -769176.0
n 19 14244.0
n 20 14244.0
n 21 14244.0
n 22 14244.0
n 24 7122.0
n 25 7122.0
n 27 21366.0
n 28 21366.0
n 29 21366.0
n 30 21366.0
n 31 21366.0
n 32 21366.0
n 34 21366.0
n 35 21366.0
n 37 49854.0
n 38 49854.0
n 39 49854.0
n 40 49854.0
n 42 42732.0
n 43 49854.0
n 44 28488.0
n 45 49854.0
n 46 142440.0
n 47 7122.0
n 48 7122.0
a 0 4 0 769176.0 46.0
a 0 8 0 516618.0 89408.0
a 0 3 0 516618.0 188.0
a 0 2 0 516618.0 219.0
a 0 1 0 516618.0 232.0
a 0 1 0 516618.0 294.0
a 0 2 0 516618.0 235.0
a 0 3 0 516618.0 211.0
a 0 4 0 769176.0 46.0
a 0 8 0 516618.0 100673.0
a 0 42 0 516618.0 111957.0
a 0 1 0 0.0 0.0
a 0 1 0 0.0 0.0
a 0 2 0 0.0 0.0
a 0 2 0 0.0 0.0
a 0 3 0 0.0 0.0
a 0 3 0 0.0 0.0
a 0 4 0 0.0 0.0
a 0 8 0 0.0 0.0
a 0 8 0 0.0 0.0
a 0 42 0 0.0 0.0
a 0 42 0 0.0 0.0
a 0 4 0 42732.0 0.0
a 0 42 0 473886.0 111420.0
a 0 1 0 0.0 0.0
a 0 1 0 0.0 0.0
a 0 1 0 0.0 0.0
a 0 1 0 0.0 0.0
a 0 2 0 0.0 0.0
a 0 2 0 0.0 0.0
a 0 2 0 0.0 0.0
a 0 2 0 0.0 0.0
a 0 3 0 0.0 0.0
a 0 3 0 0.0 0.0
a 0 3 0 0.0 0.0
a 0 3 0 0.0 0.0
a 0 4 0 0.0 0.0
a 0 4 0 0.0 0.0
a 0 4 0 0.0 0.0
a 0 4 0 0.0 0.0
a 0 8 0 0.0 0.0
a 0 8 0 0.0 0.0
a 0 8 0 0.0 0.0
a 0 8 0 0.0 0.0
a 0 42 0 0.0 0.0
a 0 42 0 0.0 0.0
a 0 42 0 0.0 0.0
a 0 42 0 0.0 0.0
a 1 4 0 769176.0 50.0
a 1 39 0 516618.0 347627.0
a 1 3 0 516618.0 254.0
a 1 2 0 516618.0 249.0
a 1 2 0 516618.0 275.0
a 1 3 0 516618.0 242.0
a 1 4 0 769176.0 49.0
a 1 20 0 516618.0 399195.0
a 1 39 0 516618.0 353392.0
a 1 0 0 516618.0 232.0
a 1 0 0 516618.0 294.0
a 1 0 0 0.0 0.0
a 1 0 0 0.0 0.0
a 1 2 0 0.0 0.0
a 1 2 0 0.0 0.0
a 1 3 0 0.0 0.0
a 1 3 0 0.0 0.0
a 1 4 0 0.0 0.0
a 1 20 0 0.0 0.0
a 1 20 0 0.0 0.0
a 1 39 0 0.0 0.0
a 1 39 0 0.0 0.0
a 1 4 0 56976.0 0.0
a 1 20 0 459642.0 364099.0
a 1 0 0 0.0 0.0
a 1 0 0 0.0 0.0
a 1 0 0 0.0 0.0
a 1 0 0 0.0 0.0
a 1 2 0 0.0 0.0
a 1 2 0 0.0 0.0
a 1 2 0 0.0 0.0
a 1 2 0 0.0 0.0
a 1 3 0 0.0 0.0
a 1 3 0 0.0 0.0
a 1 3 0 0.0 0.0
a 1 3 0 0.0 0.0
a 1 4 0 0.0 0.0
a 1 4 0 0.0 0.0
a 1 4 0 0.0 0.0
a 1 4 0 0.0 0.0
a 1 20 0 0.0 0.0
a 1 20 0 0.0 0.0
a 1 20 0 0.0 0.0
a 1 20 0 0.0 0.0
a 1 39 0 0.0 0.0
a 1 39 0 0.0 0.0
a 1 39 0 0.0 0.0
a 1 39 0 0.0 0.0
a 2 32 0 516618.0 335267.0
a 2 16 0 516618.0 139572.0
a 2 3 0 516618.0 177.0
a 2 3 0 516618.0 258.0
a 2 4 0 769176.0 46.0
a 2 16 0 516618.0 139532.0
a 2 32 0 516618.0 336671.0
a 2 0 0 516618.0 219.0
a 2 1 0 516618.0 249.0
a 2 1 0 516618.0 275.0
a 2 0 0 516618.0 235.0
a 2 0 0 0.0 0.0
a 2 0 0 0.0 0.0
a 2 1 0 0.0 0.0
a 2 1 0 0.0 0.0
a 2 3 0 0.0 0.0
a 2 3 0 0.0 0.0
a 2 4 0 0.0 0.0
a 2 4 0 0.0 0.0
a 2 16 0 0.0 0.0
a 2 32 0 0.0 0.0
a 2 32 0 0.0 0.0
a 2 16 0 99708.0 0.0
a 2 4 0 669468.0 45.0
a 2 0 0 0.0 0.0
a 2 0 0 0.0 0.0
a 2 0 0 0.0 0.0
a 2 0 0 0.0 0.0
a 2 1 0 0.0 0.0
a 2 1 0 0.0 0.0
a 2 1 0 0.0 0.0
a 2 1 0 0.0 0.0
a 2 3 0 0.0 0.0
a 2 3 0 0.0 0.0
a 2 3 0 0.0 0.0
a 2 3 0 0.0 0.0
a 2 4 0 0.0 0.0
a 2 4 0 0.0 0.0
a 2 4 0 0.0 0.0
a 2 4 0 0.0 0.0
a 2 16 0 0.0 0.0
a 2 16 0 0.0 0.0
a 2 16 0 0.0 0.0
a 2 16 0 0.0 0.0
a 2 32 0 0.0 0.0
a 2 32 0 0.0 0.0
a 2 32 0 0.0 0.0
a 2 32 0 0.0 0.0
a 3 14 0 516618.0 102924.0
a 3 4 0 769176.0 44.0
a 3 27 0 516618.0 342744.0
a 3 4 0 769176.0 45.0
a 3 14 0 516618.0 110375.0
a 3 27 0 516618.0 361805.0
a 3 0 0 516618.0 188.0
a 3 1 0 516618.0 254.0
a 3 2 0 516618.0 177.0
a 3 2 0 516618.0 258.0
a 3 1 0 516618.0 242.0
a 3 0 0 516618.0 211.0
a 3 0 0 0.0 0.0
a 3 0 0 0.0 0.0
a 3 1 0 0.0 0.0
a 3 1 0 0.0 0.0
a 3 2 0 0.0 0.0
a 3 2 0 0.0 0.0
a 3 4 0 0.0 0.0
a 3 4 0 0.0 0.0
a 3 14 0 0.0 0.0
a 3 14 0 0.0 0.0
a 3 27 0 0.0 0.0
a 3 27 0 0.0 0.0
a 3 0 0 0.0 0.0
a 3 0 0 0.0 0.0
a 3 0 0 0.0 0.0
a 3 0 0 0.0 0.0
a 3 1 0 0.0 0.0
a 3 1 0 0.0 0.0
a 3 1 0 0.0 0.0
a 3 1 0 0.0 0.0
a 3 2 0 0.0 0.0
a 3 2 0 0.0 0.0
a 3 2 0 0.0 0.0
a 3 2 0 0.0 0.0
a 3 4 0 0.0 0.0
a 3 4 0 0.0 0.0
a 3 4 0 0.0 0.0
a 3 4 0 0.0 0.0
a 3 14 0 0.0 0.0
a 3 14 0 0.0 0.0
a 3 14 0 0.0 0.0
a 3 14 0 0.0 0.0
a 3 27 0 0.0 0.0
a 3 27 0 0.0 0.0
a 3 27 0 0.0 0.0
a 3 27 0 0.0 0.0
a 4 0 0 769176.0 46.0
a 4 1 0 769176.0 50.0
a 4 2 0 769176.0 45.0
a 4 3 0 769176.0 44.0
a 4 3 0 769176.0 45.0
a 4 2 0 769176.0 46.0
a 4 0 0 0.0 0.0
a 4 0 0 0.0 0.0
a 4 1 0 0.0 0.0
a 4 1 0 0.0 0.0
a 4 2 0 0.0 0.0
a 4 3 0 0.0 0.0
a 4 3 0 0.0 0.0
a 4 0 0 726444.0 46.0
a 4 2 0 99708.0 0.0
a 4 1 0 712200.0 49.0
a 4 0 0 0.0 0.0
a 4 0 0 0.0 0.0
a 4 0 0 0.0 0.0
a 4 0 0 0.0 0.0
a 4 1 0 0.0 0.0
a 4 1 0 0.0 0.0
a 4 1 0 0.0 0.0
a 4 1 0 0.0 0.0
a 4 2 0 0.0 0.0
a 4 2 0 0.0 0.0
a 4 2 0 0.0 0.0
a 4 2 0 0.0 0.0
a 4 3 0 0.0 0.0
a 4 3 0 0.0 0.0
a 4 3 0 0.0 0.0
a 4 3 0 0.0 0.0
a 5 7 0 769176.0 38.0
a 5 20 0 516618.0 19739.0
a 5 10 0 516618.0 350099.0
a 5 6 0 769176.0 261.0
a 5 6 0 769176.0 194.0
a 5 7 0 769176.0 38.0
a 5 10 0 516618.0 356587.0
a 5 20 0 516618.0 19792.0
a 5 6 0 0.0 0.0
a 5 6 0 0.0 0.0
a 5 7 0 0.0 0.0
a 5 7 0 0.0 0.0
a 5 10 0 0.0 0.0
a 5 10 0 0.0 0.0
a 5 20 0 0.0 0.0
a 5 20 0 0.0 0.0
a 5 6 0 0.0 0.0
a 5 6 0 0.0 0.0
a 5 6 0 0.0 0.0
a 5 6 0 0.0 0.0
a 5 7 0 0.0 0.0
a 5 7 0 0.0 0.0
a 5 7 0 0.0 0.0
a 5 7 0 0.0 0.0
a 5 10 0 0.0 0.0
a 5 10 0 0.0 0.0
a 5 10 0 0.0 0.0
a 5 10 0 0.0 0.0
a 5 20 0 0.0 0.0
a 5 20 0 0.0 0.0
a 5 20 0 0.0 0.0
a 5 20 0 0.0 0.0
a 6 7 0 769176.0 41.0
a 6 37 0 516618.0 60884.0
a 6 29 0 516618.0 64474.0
a 6 7 0 769176.0 42.0
a 6 29 0 516618.0 64546.0
a 6 37 0 516618.0 62190.0
a 6 5 0 769176.0 261.0
a 6 5 0 769176.0 194.0
a 6 5 0 0.0 0.0
a 6 5 0 0.0 0.0
a 6 7 0 0.0 0.0
a 6 7 0 0.0 0.0
a 6 29 0 0.0 0.0
a 6 29 0 0.0 0.0
a 6 37 0 0.0 0.0
a 6 37 0 0.0 0.0
a 6 5 0 0.0 0.0
a 6 5 0 0.0 0.0
a 6 5 0 0.0 0.0
a 6 5 0 0.0 0.0
a 6 7 0 0.0 0.0
a 6 7 0 0.0 0.0
a 6 7 0 0.0 0.0
a 6 7 0 0.0 0.0
a 6 29 0 0.0 0.0
a 6 29 0 0.0 0.0
a 6 29 0 0.0 0.0
a 6 29 0 0.0 0.0
a 6 37 0 0.0 0.0
a 6 37 0 0.0 0.0
a 6 37 0 0.0 0.0
a 6 37 0 0.0 0.0
a 7 5 0 769176.0 38.0
a 7 6 0 769176.0 41.0
a 7 6 0 769176.0 42.0
a 7 5 0 769176.0 38.0
a 7 5 0 0.0 0.0
a 7 5 0 0.0 0.0
a 7 6 0 0.0 0.0
a 7 6 0 0.0 0.0
a 7 5 0 0.0 0.0
a 7 5 0 0.0 0.0
a 7 5 0 0.0 0.0
a 7 5 0 0.0 0.0
a 7 6 0 0.0 0.0
a 7 6 0 0.0 0.0
a 7 6 0 0.0 0.0
a 7 6 0 0.0 0.0
a 8 12 0 769176.0 50.0
a 8 25 0 516618.0 432303.0
a 8 11 0 516618.0 589.0
a 8 10 0 516618.0 374.0
a 8 9 0 516618.0 228.0
a 8 9 0 516618.0 297.0
a 8 10 0 516618.0 263.0
a 8 11 0 516618.0 374.0
a 8 12 0 769176.0 51.0
a 8 25 0 516618.0 446626.0
a 8 0 0 516618.0 89408.0
a 8 0 0 516618.0 100673.0
a 8 0 0 0.0 0.0
a 8 0 0 0.0 0.0
a 8 9 0 0.0 0.0
a 8 9 0 0.0 0.0
a 8 10 0 0.0 0.0
a 8 10 0 0.0 0.0
a 8 11 0 0.0 0.0
a 8 11 0 0.0 0.0
a 8 12 0 0.0 0.0
a 8 12 0 0.0 0.0
a 8 25 0 0.0 0.0
a 8 25 0 0.0 0.0
a 8 0 0 0.0 0.0
a 8 0 0 0.0 0.0
a 8 0 0 0.0 0.0
a 8 0 0 0.0 0.0
a 8 9 0 0.0 0.0
a 8 9 0 0.0 0.0
a 8 9 0 0.0 0.0
a 8 9 0 0.0 0.0
a 8 10 0 0.0 0.0
a 8 10 0 0.0 0.0
a 8 10 0 0.0 0.0
a 8 10 0 0.0 0.0
a 8 11 0 0.0 0.0
a 8 11 0 0.0 0.0
a 8 11 0 0.0 0.0
a 8 11 0 0.0 0.0
a 8 12 0 0.0 0.0
a 8 12 0 0.0 0.0
a 8 12 0 0.0 0.0
a 8 12 0 0.0 0.0
a 8 25 0 0.0 0.0
a 8 25 0 0.0 0.0
a 8 25 0 0.0 0.0
a 8 25 0 0.0 0.0
a 9 14 0 516618.0 131814.0
a 9 35 0 516618.0 302383.0
a 9 17 0 516618.0 159417.0
a 9 11 0 516618.0 585.0
a 9 10 0 516618.0 304.0
a 9 10 0 516618.0 369.0
a 9 11 0 516618.0 396.0
a 9 14 0 516618.0 130689.0
a 9 17 0 516618.0 168466.0
a 9 35 0 516618.0 272244.0
a 9 8 0 516618.0 228.0
a 9 8 0 516618.0 297.0
a 9 8 0 0.0 0.0
a 9 8 0 0.0 0.0
a 9 10 0 0.0 0.0
a 9 10 0 0.0 0.0
a 9 11 0 0.0 0.0
a 9 11 0 0.0 0.0
a 9 12 0 0.0 0.0
a 9 12 0 0.0 0.0
a 9 14 0 0.0 0.0
a 9 14 0 0.0 0.0
a 9 17 0 0.0 0.0
a 9 35 0 0.0 0.0
a 9 35 0 0.0 0.0
a 9 12 0 640980.0 59.0
a 9 17 0 516618.0 0.0
a 9 12 0 380754.0 59.0
a 9 8 0 0.0 0.0
a 9 8 0 0.0 0.0
a 9 8 0 0.0 0.0
a 9 8 0 0.0 0.0
a 9 10 0 0.0 0.0
a 9 10 0 0.0 0.0
a 9 10 0 0.0 0.0
a 9 10 0 0.0 0.0
a 9 11 0 0.0 0.0
a 9 11 0 0.0 0.0
a 9 11 0 0.0 0.0
a 9 11 0 0.0 0.0
a 9 12 0 0.0 0.0
a 9 12 0 0.0 0.0
a 9 12 0 0.0 0.0
a 9 12 0 0.0 0.0
a 9 14 0 0.0 0.0
a 9 14 0 0.0 0.0
a 9 14 0 0.0 0.0
a 9 14 0 0.0 0.0
a 9 17 0 0.0 0.0
a 9 17 0 0.0 0.0
a 9 17 0 0.0 0.0
a 9 17 0 0.0 0.0
a 9 35 0 0.0 0.0
a 9 35 0 0.0 0.0
a 9 35 0 0.0 0.0
a 9 35 0 0.0 0.0
a 10 11 0 516618.0 271.0
a 10 12 0 769176.0 57.0
a 10 28 0 516618.0 306300.0
a 10 11 0 516618.0 296.0
a 10 12 0 769176.0 57.0
a 10 28 0 516618.0 312593.0
a 10 5 0 516618.0 350099.0
a 10 8 0 516618.0 374.0
a 10 9 0 516618.0 304.0
a 10 9 0 516618.0 369.0
a 10 8 0 516618.0 263.0
a 10 5 0 516618.0 356587.0
a 10 5 0 0.0 0.0
a 10 5 0 0.0 0.0
a 10 8 0 0.0 0.0
a 10 8 0 0.0 0.0
a 10 9 0 0.0 0.0
a 10 9 0 0.0 0.0
a 10 11 0 0.0 0.0
a 10 11 0 0.0 0.0
a 10 12 0 0.0 0.0
a 10 12 0 0.0 0.0
a 10 28 0 0.0 0.0
a 10 28 0 0.0 0.0
a 10 5 0 0.0 0.0
a 10 5 0 0.0 0.0
a 10 5 0 0.0 0.0
a 10 5 0 0.0 0.0
a 10 8 0 0.0 0.0
a 10 8 0 0.0 0.0
a 10 8 0 0.0 0.0
a 10 8 0 0.0 0.0
a 10 9 0 0.0 0.0
a 10 9 0 0.0 0.0
a 10 9 0 0.0 0.0
a 10 9 0 0.0 0.0
a 10 11 0 0.0 0.0
a 10 11 0 0.0 0.0
a 10 11 0 0.0 0.0
a 10 11 0 0.0 0.0
a 10 12 0 0.0 0.0
a 10 12 0 0.0 0.0
a 10 12 0 0.0 0.0
a 10 12 0 0.0 0.0
a 10 28 0 0.0 0.0
a 10 28 0 0.0 0.0
a 10 28 0 0.0 0.0
a 10 28 0 0.0 0.0
a 11 12 0 769176.0 70.0
a 11 21 0 516618.0 369710.0
a 11 12 0 769176.0 71.0
a 11 21 0 516618.0 372911.0
a 11 31 0 516618.0 332464.0
a 11 38 0 516618.0 317789.0
a 11 8 0 516618.0 589.0
a 11 9 0 516618.0 585.0
a 11 10 0 516618.0 271.0
a 11 10 0 516618.0 296.0
a 11 9 0 516618.0 396.0
a 11 8 0 516618.0 374.0
a 11 8 0 0.0 0.0
a 11 8 0 0.0 0.0
a 11 9 0 0.0 0.0
a 11 9 0 0.0 0.0
a 11 10 0 0.0 0.0
a 11 10 0 0.0 0.0
a 11 12 0 0.0 0.0
a 11 21 0 0.0 0.0
a 11 21 0 0.0 0.0
a 11 31 0 0.0 0.0
a 11 31 0 0.0 0.0
a 11 38 0 0.0 0.0
a 11 38 0 0.0 0.0
a 11 12 0 516618.0 0.0
a 11 38 0 398832.0 297510.0
a 11 31 0 117786.0 291254.0
a 11 8 0 0.0 0.0
a 11 8 0 0.0 0.0
a 11 8 0 0.0 0.0
a 11 8 0 0.0 0.0
a 11 9 0 0.0 0.0
a 11 9 0 0.0 0.0
a 11 9 0 0.0 0.0
a 11 9 0 0.0 0.0
a 11 10 0 0.0 0.0
a 11 10 0 0.0 0.0
a 11 10 0 0.0 0.0
a 11 10 0 0.0 0.0
a 11 12 0 0.0 0.0
a 11 12 0 0.0 0.0
a 11 12 0 0.0 0.0
a 11 12 0 0.0 0.0
a 11 21 0 0.0 0.0
a 11 21 0 0.0 0.0
a 11 21 0 0.0 0.0
a 11 21 0 0.0 0.0
a 11 31 0 0.0 0.0
a 11 31 0 0.0 0.0
a 11 31 0 0.0 0.0
a 11 31 0 0.0 0.0
a 11 38 0 0.0 0.0
a 11 38 0 0.0 0.0
a 11 38 0 0.0 0.0
a 11 38 0 0.0 0.0
a 12 8 0 769176.0 50.0
a 12 9 0 769176.0 59.0
a 12 10 0 769176.0 57.0
a 12 11 0 769176.0 71.0
a 12 10 0 769176.0 57.0
a 12 9 0 769176.0 59.0
a 12 8 0 769176.0 51.0
a 12 8 0 0.0 0.0
a 12 8 0 0.0 0.0
a 12 10 0 0.0 0.0
a 12 10 0 0.0 0.0
a 12 11 0 0.0 0.0
a 12 11 0 0.0 0.0
a 12 9 0 128196.0 0.0
a 12 9 0 388422.0 0.0
a 12 11 0 252558.0 70.0
a 12 8 0 0.0 0.0
a 12 8 0 0.0 0.0
a 12 8 0 0.0 0.0
a 12 8 0 0.0 0.0
a 12 9 0 0.0 0.0
a 12 9 0 0.0 0.0
a 12 9 0 0.0 0.0
a 12 9 0 0.0 0.0
a 12 10 0 0.0 0.0
a 12 10 0 0.0 0.0
a 12 10 0 0.0 0.0
a 12 10 0 0.0 0.0
a 12 11 0 0.0 0.0
a 12 11 0 0.0 0.0
a 12 11 0 0.0 0.0
a 12 11 0 0.0 0.0
a 13 35 0 516618.0 144925.0
a 13 15 0 769176.0 43.0
a 13 31 0 516618.0 413583.0
a 13 38 0 516618.0 416385.0
a 13 14 0 769176.0 290.0
a 13 14 0 769176.0 276.0
a 13 15 0 769176.0 44.0
a 13 31 0 516618.0 424007.0
a 13 35 0 516618.0 146749.0
a 13 38 0 516618.0 421307.0
a 13 14 0 0.0 0.0
a 13 14 0 0.0 0.0
a 13 15 0 0.0 0.0
a 13 15 0 0.0 0.0
a 13 31 0 0.0 0.0
a 13 31 0 0.0 0.0
a 13 35 0 0.0 0.0
a 13 35 0 0.0 0.0
a 13 38 0 0.0 0.0
a 13 38 0 0.0 0.0
a 13 14 0 0.0 0.0
a 13 14 0 0.0 0.0
a 13 14 0 0.0 0.0
a 13 14 0 0.0 0.0
a 13 15 0 0.0 0.0
a 13 15 0 0.0 0.0
a 13 15 0 0.0 0.0
a 13 15 0 0.0 0.0
a 13 31 0 0.0 0.0
a 13 31 0 0.0 0.0
a 13 31 0 0.0 0.0
a 13 31 0 0.0 0.0
a 13 35 0 0.0 0.0
a 13 35 0 0.0 0.0
a 13 35 0 0.0 0.0
a 13 35 0 0.0 0.0
a 13 38 0 0.0 0.0
a 13 38 0 0.0 0.0
a 13 38 0 0.0 0.0
a 13 38 0 0.0 0.0
a 14 47 0 516618.0 303053.0
a 14 42 0 516618.0 25913.0
a 14 15 0 769176.0 43.0
a 14 15 0 769176.0 44.0
a 14 42 0 516618.0 26184.0
a 14 47 0 516618.0 312364.0
a 14 3 0 516618.0 102924.0
a 14 9 0 516618.0 131814.0
a 14 13 0 769176.0 290.0
a 14 3 0 516618.0 110375.0
a 14 13 0 769176.0 276.0
a 14 9 0 516618.0 130689.0
a 14 3 0 0.0 0.0
a 14 3 0 0.0 0.0
a 14 9 0 0.0 0.0
a 14 9 0 0.0 0.0
a 14 13 0 0.0 0.0
a 14 13 0 0.0 0.0
a 14 15 0 0.0 0.0
a 14 15 0 0.0 0.0
a 14 42 0 0.0 0.0
a 14 42 0 0.0 0.0
a 14 47 0 0.0 0.0
a 14 47 0 0.0 0.0
a 14 3 0 0.0 0.0
a 14 3 0 0.0 0.0
a 14 3 0 0.0 0.0
a 14 3 0 0.0 0.0
a 14 9 0 0.0 0.0
a 14 9 0 0.0 0.0
a 14 9 0 0.0 0.0
a 14 9 0 0.0 0.0
a 14 13 0 0.0 0.0
a 14 13 0 0.0 0.0
a 14 13 0 0.0 0.0
a 14 13 0 0.0 0.0
a 14 15 0 0.0 0.0
a 14 15 0 0.0 0.0
a 14 15 0 0.0 0.0
a 14 15 0 0.0 0.0
a 14 42 0 0.0 0.0
a 14 42 0 0.0 0.0
a 14 42 0 0.0 0.0
a 14 42 0 0.0 0.0
a 14 47 0 0.0 0.0
a 14 47 0 0.0 0.0
a 14 47 0 0.0 0.0
a 14 47 0 0.0 0.0
a 15 13 0 769176.0 43.0
a 15 14 0 769176.0 43.0
a 15 14 0 769176.0 44.0
a 15 13 0 769176.0 44.0
a 15 13 0 0.0 0.0
a 15 13 0 0.0 0.0
a 15 14 0 0.0 0.0
a 15 14 0 0.0 0.0
a 15 13 0 0.0 0.0
a 15 13 0 0.0 0.0
a 15 13 0 0.0 0.0
a 15 13 0 0.0 0.0
a 15 14 0 0.0 0.0
a 15 14 0 0.0 0.0
a 15 14 0 0.0 0.0
a 15 14 0 0.0 0.0
a 16 18 0 769176.0 50.0
a 16 17 0 769176.0 306.0
a 16 17 0 769176.0 245.0
a 16 18 0 769176.0 51.0
a 16 39 0 516618.0 469368.0
a 16 2 0 516618.0 139572.0
a 16 2 0 0.0 0.0
a 16 2 0 0.0 0.0
a 16 17 0 0.0 0.0
a 16 17 0 0.0 0.0
a 16 18 0 0.0 0.0
a 16 39 0 0.0 0.0
a 16 39 0 0.0 0.0
a 16 39 0 484842.0 465574.0
a 16 18 0 131484.0 0.0
a 16 2 0 416910.0 139532.0
a 16 2 0 0.0 0.0
a 16 2 0 0.0 0.0
a 16 2 0 0.0 0.0
a 16 2 0 0.0 0.0
a 16 17 0 0.0 0.0
a 16 17 0 0.0 0.0
a 16 17 0 0.0 0.0
a 16 17 0 0.0 0.0
a 16 18 0 0.0 0.0
a 16 18 0 0.0 0.0
a 16 18 0 0.0 0.0
a 16 18 0 0.0 0.0
a 16 39 0 0.0 0.0
a 16 39 0 0.0 0.0
a 16 39 0 0.0 0.0
a 16 39 0 0.0 0.0
a 17 18 0 769176.0 46.0
a 17 34 0 516618.0 114010.0
a 17 18 0 769176.0 46.0
a 17 45 0 516618.0 113385.0
a 17 16 0 769176.0 306.0
a 17 16 0 769176.0 245.0
a 17 9 0 516618.0 168466.0
a 17 9 0 0.0 0.0
a 17 9 0 0.0 0.0
a 17 16 0 0.0 0.0
a 17 16 0 0.0 0.0
a 17 34 0 0.0 0.0
a 17 34 0 0.0 0.0
a 17 45 0 0.0 0.0
a 17 45 0 0.0 0.0
a 17 45 0 466764.0 112698.0
a 17 34 0 445398.0 113822.0
a 17 18 0 142440.0 0.0
a 17 18 0 495252.0 0.0
a 17 9 0 0.0 159417.0
a 17 9 0 0.0 0.0
a 17 9 0 0.0 0.0
a 17 9 0 0.0 0.0
a 17 9 0 0.0 0.0
a 17 16 0 0.0 0.0
a 17 16 0 0.0 0.0
a 17 16 0 0.0 0.0
a 17 16 0 0.0 0.0
a 17 18 0 0.0 0.0
a 17 18 0 0.0 0.0
a 17 18 0 0.0 0.0
a 17 18 0 0.0 0.0
a 17 34 0 0.0 0.0
a 17 34 0 0.0 0.0
a 17 34 0 0.0 0.0
a 17 34 0 0.0 0.0
a 17 45 0 0.0 0.0
a 17 45 0 0.0 0.0
a 17 45 0 0.0 0.0
a 17 45 0 0.0 0.0
a 18 16 0 769176.0 51.0
a 18 16 0 0.0 0.0
a 18 16 0 0.0 0.0
a 18 17 0 0.0 0.0
a 18 17 0 0.0 0.0
a 18 17 0 626736.0 46.0
a 18 17 0 273924.0 46.0
a 18 16 0 637692.0 50.0
a 18 16 0 0.0 0.0
a 18 16 0 0.0 0.0
a 18 16 0 0.0 0.0
a 18 16 0 0.0 0.0
a 18 17 0 0.0 0.0
a 18 17 0 0.0 0.0
a 18 17 0 0.0 0.0
a 18 17 0 0.0 0.0
a 19 23 0 769176.0 36.0
a 19 40 0 516618.0 74049.0
a 19 22 0 516618.0 103.0
a 19 21 0 516618.0 216.0
a 19 20 0 516618.0 218.0
a 19 20 0 516618.0 177.0
a 19 21 0 516618.0 241.0
a 19 22 0 516618.0 138.0
a 19 23 0 769176.0 36.0
a 19 40 0 516618.0 71487.0
a 19 20 0 0.0 0.0
a 19 20 0 0.0 0.0
a 19 21 0 0.0 0.0
a 19 21 0 0.0 0.0
a 19 22 0 0.0 0.0
a 19 22 0 0.0 0.0
a 19 23 0 0.0 0.0
a 19 40 0 0.0 0.0
a 19 40 0 0.0 0.0
a 19 23 0 14244.0 0.0
a 19 20 0 0.0 0.0
a 19 20 0 0.0 0.0
a 19 20 0 0.0 0.0
a 19 20 0 0.0 0.0
a 19 21 0 0.0 0.0
a 19 21 0 0.0 0.0
a 19 21 0 0.0 0.0
a 19 21 0 0.0 0.0
a 19 22 0 0.0 0.0
a 19 22 0 0.0 0.0
a 19 22 0 0.0 0.0
a 19 22 0 0.0 0.0
a 19 23 0 0.0 0.0
a 19 23 0 0.0 0.0
a 19 23 0 0.0 0.0
a 19 23 0 0.0 0.0
a 19 40 0 0.0 0.0
a 19 40 0 0.0 0.0
a 19 40 0 0.0 0.0
a 19 40 0 0.0 0.0
a 20 22 0 516618.0 237.0
a 20 21 0 516618.0 278.0
a 20 21 0 516618.0 206.0
a 20 22 0 516618.0 152.0
a 20 1 0 516618.0 364099.0
a 20 5 0 516618.0 19739.0
a 20 19 0 516618.0 218.0
a 20 19 0 516618.0 177.0
a 20 5 0 516618.0 19792.0
a 20 1 0 516618.0 399195.0
a 20 1 0 0.0 0.0
a 20 5 0 0.0 0.0
a 20 5 0 0.0 0.0
a 20 19 0 0.0 0.0
a 20 19 0 0.0 0.0
a 20 21 0 0.0 0.0
a 20 21 0 0.0 0.0
a 20 22 0 0.0 0.0
a 20 22 0 0.0 0.0
a 20 23 0 0.0 0.0
a 20 23 0 0.0 0.0
a 20 23 0 740688.0 38.0
a 20 1 0 56976.0 0.0
a 20 23 0 754932.0 38.0
a 20 1 0 0.0 0.0
a 20 1 0 0.0 0.0
a 20 1 0 0.0 0.0
a 20 1 0 0.0 0.0
a 20 5 0 0.0 0.0
a 20 5 0 0.0 0.0
a 20 5 0 0.0 0.0
a 20 5 0 0.0 0.0
a 20 19 0 0.0 0.0
a 20 19 0 0.0 0.0
a 20 19 0 0.0 0.0
a 20 19 0 0.0 0.0
a 20 21 0 0.0 0.0
a 20 21 0 0.0 0.0
a 20 21 0 0.0 0.0
a 20 21 0 0.0 0.0
a 20 22 0 0.0 0.0
a 20 22 0 0.0 0.0
a 20 22 0 0.0 0.0
a 20 22 0 0.0 0.0
a 20 23 0 0.0 0.0
a 20 23 0 0.0 0.0
a 20 23 0 0.0 0.0
a 20 23 0 0.0 0.0
a 21 23 0 769176.0 35.0
a 21 22 0 516618.0 254.0
a 21 22 0 516618.0 389.0
a 21 23 0 769176.0 35.0
a 21 11 0 516618.0 369710.0
a 21 19 0 516618.0 216.0
a 21 20 0 516618.0 278.0
a 21 20 0 516618.0 206.0
a 21 19 0 516618.0 241.0
a 21 11 0 516618.0 372911.0
a 21 11 0 0.0 0.0
a 21 11 0 0.0 0.0
a 21 19 0 0.0 0.0
a 21 19 0 0.0 0.0
a 21 20 0 0.0 0.0
a 21 20 0 0.0 0.0
a 21 22 0 0.0 0.0
a 21 22 0 0.0 0.0
a 21 23 0 0.0 0.0
a 21 23 0 14244.0 0.0
a 21 11 0 0.0 0.0
a 21 11 0 0.0 0.0
a 21 11 0 0.0 0.0
a 21 11 0 0.0 0.0
a 21 19 0 0.0 0.0
a 21 19 0 0.0 0.0
a 21 19 0 0.0 0.0
a 21 19 0 0.0 0.0
a 21 20 0 0.0 0.0
a 21 20 0 0.0 0.0
a 21 20 0 0.0 0.0
a 21 20 0 0.0 0.0
a 21 22 0 0.0 0.0
a 21 22 0 0.0 0.0
a 21 22 0 0.0 0.0
a 21 22 0 0.0 0.0
a 21 23 0 0.0 0.0
a 21 23 0 0.0 0.0
a 21 23 0 0.0 0.0
a 21 23 0 0.0 0.0
a 22 23 0 769176.0 36.0
a 22 27 0 516618.0 76077.0
a 22 23 0 769176.0 37.0
a 22 27 0 516618.0 74763.0
a 22 19 0 516618.0 103.0
a 22 20 0 516618.0 237.0
a 22 21 0 516618.0 254.0
a 22 21 0 516618.0 389.0
a 22 20 0 516618.0 152.0
a 22 19 0 516618.0 138.0
a 22 19 0 0.0 0.0
a 22 19 0 0.0 0.0
a 22 20 0 0.0 0.0
a 22 20 0 0.0 0.0
a 22 21 0 0.0 0.0
a 22 21 0 0.0 0.0
a 22 23 0 0.0 0.0
a 22 27 0 0.0 0.0
a 22 27 0 0.0 0.0
a 22 23 0 14244.0 0.0
a 22 19 0 0.0 0.0
a 22 19 0 0.0 0.0
a 22 19 0 0.0 0.0
a 22 19 0 0.0 0.0
a 22 20 0 0.0 0.0
a 22 20 0 0.0 0.0
a 22 20 0 0.0 0.0
a 22 20 0 0.0 0.0
a 22 21 0 0.0 0.0
a 22 21 0 0.0 0.0
a 22 21 0 0.0 0.0
a 22 21 0 0.0 0.0
a 22 23 0 0.0 0.0
a 22 23 0 0.0 0.0
a 22 23 0 0.0 0.0
a 22 23 0 0.0 0.0
a 22 27 0 0.0 0.0
a 22 27 0 0.0 0.0
a 22 27 0 0.0 0.0
a 22 27 0 0.0 0.0
a 23 20 0 769176.0 38.0
a 23 22 0 769176.0 37.0
a 23 21 0 769176.0 35.0
a 23 20 0 769176.0 38.0
a 23 19 0 769176.0 36.0
a 23 19 0 0.0 0.0
a 23 19 0 0.0 0.0
a 23 21 0 0.0 0.0
a 23 21 0 0.0 0.0
a 23 22 0 0.0 0.0
a 23 22 0 0.0 0.0
a 23 21 0 754932.0 35.0
a 23 20 0 28488.0 0.0
a 23 19 0 754932.0 36.0
a 23 20 0 14244.0 0.0
a 23 22 0 754932.0 36.0
a 23 19 0 0.0 0.0
a 23 19 0 0.0 0.0
a 23 19 0 0.0 0.0
a 23 19 0 0.0 0.0
a 23 20 0 0.0 0.0
a 23 20 0 0.0 0.0
a 23 20 0 0.0 0.0
a 23 20 0 0.0 0.0
a 23 21 0 0.0 0.0
a 23 21 0 0.0 0.0
a 23 21 0 0.0 0.0
a 23 21 0 0.0 0.0
a 23 22 0 0.0 0.0
a 23 22 0 0.0 0.0
a 23 22 0 0.0 0.0
a 23 22 0 0.0 0.0
a 24 25 0 516618.0 111.0
a 24 47 0 516618.0 92.0
a 24 48 0 516618.0 97.0
a 24 26 0 769176.0 40.0
a 24 30 0 516618.0 758666.0
a 24 25 0 516618.0 99.0
a 24 26 0 769176.0 39.0
a 24 30 0 516618.0 748407.0
a 24 47 0 516618.0 83.0
a 24 48 0 516618.0 96.0
a 24 25 0 0.0 0.0
a 24 25 0 0.0 0.0
a 24 26 0 0.0 0.0
a 24 30 0 0.0 0.0
a 24 30 0 0.0 0.0
a 24 47 0 0.0 0.0
a 24 47 0 0.0 0.0
a 24 48 0 0.0 0.0
a 24 48 0 0.0 0.0
a 24 26 0 7122.0 0.0
a 24 25 0 0.0 0.0
a 24 25 0 0.0 0.0
a 24 25 0 0.0 0.0
a 24 25 0 0.0 0.0
a 24 26 0 0.0 0.0
a 24 26 0 0.0 0.0
a 24 26 0 0.0 0.0
a 24 26 0 0.0 0.0
a 24 30 0 0.0 0.0
a 24 30 0 0.0 0.0
a 24 30 0 0.0 0.0
a 24 30 0 0.0 0.0
a 24 47 0 0.0 0.0
a 24 47 0 0.0 0.0
a 24 47 0 0.0 0.0
a 24 47 0 0.0 0.0
a 24 48 0 0.0 0.0
a 24 48 0 0.0 0.0
a 24 48 0 0.0 0.0
a 24 48 0 0.0 0.0
a 25 47 0 516618.0 192.0
a 25 48 0 516618.0 125.0
a 25 26 0 769176.0 36.0
a 25 26 0 769176.0 37.0
a 25 47 0 516618.0 103.0
a 25 48 0 516618.0 98.0
a 25 8 0 516618.0 432303.0
a 25 24 0 516618.0 111.0
a 25 24 0 516618.0 99.0
a 25 8 0 516618.0 446626.0
a 25 8 0 0.0 0.0
a 25 8 0 0.0 0.0
a 25 24 0 0.0 0.0
a 25 24 0 0.0 0.0
a 25 26 0 0.0 0.0
a 25 47 0 0.0 0.0
a 25 47 0 0.0 0.0
a 25 48 0 0.0 0.0
a 25 48 0 0.0 0.0
a 25 26 0 7122.0 0.0
a 25 8 0 0.0 0.0
a 25 8 0 0.0 0.0
a 25 8 0 0.0 0.0
a 25 8 0 0.0 0.0
a 25 24 0 0.0 0.0
a 25 24 0 0.0 0.0
a 25 24 0 0.0 0.0
a 25 24 0 0.0 0.0
a 25 26 0 0.0 0.0
a 25 26 0 0.0 0.0
a 25 26 0 0.0 0.0
a 25 26 0 0.0 0.0
a 25 47 0 0.0 0.0
a 25 47 0 0.0 0.0
a 25 47 0 0.0 0.0
a 25 47 0 0.0 0.0
a 25 48 0 0.0 0.0
a 25 48 0 0.0 0.0
a 25 48 0 0.0 0.0
a 25 48 0 0.0 0.0
a 26 48 0 769176.0 36.0
a 26 47 0 769176.0 37.0
a 26 48 0 769176.0 36.0
a 26 24 0 769176.0 40.0
a 26 25 0 769176.0 37.0
a 26 24 0 0.0 0.0
a 26 24 0 0.0 0.0
a 26 25 0 0.0 0.0
a 26 25 0 0.0 0.0
a 26 47 0 0.0 0.0
a 26 47 0 0.0 0.0
a 26 48 0 0.0 0.0
a 26 25 0 762054.0 36.0
a 26 47 0 762054.0 36.0
a 26 48 0 21366.0 0.0
a 26 24 0 762054.0 39.0
a 26 24 0 0.0 0.0
a 26 24 0 0.0 0.0
a 26 24 0 0.0 0.0
a 26 24 0 0.0 0.0
a 26 25 0 0.0 0.0
a 26 25 0 0.0 0.0
a 26 25 0 0.0 0.0
a 26 25 0 0.0 0.0
a 26 47 0 0.0 0.0
a 26 47 0 0.0 0.0
a 26 47 0 0.0 0.0
a 26 47 0 0.0 0.0
a 26 48 0 0.0 0.0
a 26 48 0 0.0 0.0
a 26 48 0 0.0 0.0
a 26 48 0 0.0 0.0
a 27 33 0 769176.0 41.0
a 27 43 0 516618.0 35979.0
a 27 32 0 516618.0 211.0
a 27 31 0 516618.0 539.0
a 27 30 0 516618.0 298.0
a 27 29 0 516618.0 239.0
a 27 28 0 516618.0 279.0
a 27 28 0 516618.0 182.0
a 27 29 0 516618.0 263.0
a 27 30 0 516618.0 238.0
a 27 31 0 516618.0 289.0
a 27 32 0 516618.0 260.0
a 27 33 0 769176.0 41.0
a 27 43 0 516618.0 36379.0
a 27 3 0 516618.0 342744.0
a 27 22 0 516618.0 76077.0
a 27 22 0 516618.0 74763.0
a 27 3 0 516618.0 361805.0
a 27 3 0 0.0 0.0
a 27 3 0 0.0 0.0
a 27 22 0 0.0 0.0
a 27 22 0 0.0 0.0
a 27 28 0 0.0 0.0
a 27 28 0 0.0 0.0
a 27 29 0 0.0 0.0
a 27 29 0 0.0 0.0
a 27 30 0 0.0 0.0
a 27 30 0 0.0 0.0
a 27 31 0 0.0 0.0
a 27 31 0 0.0 0.0
a 27 32 0 0.0 0.0
a 27 32 0 0.0 0.0
a 27 33 0 0.0 0.0
a 27 43 0 0.0 0.0
a 27 43 0 0.0 0.0
a 27 33 0 21366.0 0.0
a 27 3 0 0.0 0.0
a 27 3 0 0.0 0.0
a 27 3 0 0.0 0.0
a 27 3 0 0.0 0.0
a 27 22 0 0.0 0.0
a 27 22 0 0.0 0.0
a 27 22 0 0.0 0.0
a 27 22 0 0.0 0.0
a 27 28 0 0.0 0.0
a 27 28 0 0.0 0.0
a 27 28 0 0.0 0.0
a 27 28 0 0.0 0.0
a 27 29 0 0.0 0.0
a 27 29 0 0.0 0.0
a 27 29 0 0.0 0.0
a 27 29 0 0.0 0.0
a 27 30 0 0.0 0.0
a 27 30 0 0.0 0.0
a 27 30 0 0.0 0.0
a 27 30 0 0.0 0.0
a 27 31 0 0.0 0.0
a 27 31 0 0.0 0.0
a 27 31 0 0.0 0.0
a 27 31 0 0.0 0.0
a 27 32 0 0.0 0.0
a 27 32 0 0.0 0.0
a 27 32 0 0.0 0.0
a 27 32 0 0.0 0.0
a 27 33 0 0.0 0.0
a 27 33 0 0.0 0.0
a 27 33 0 0.0 0.0
a 27 33 0 0.0 0.0
a 27 43 0 0.0 0.0
a 27 43 0 0.0 0.0
a 27 43 0 0.0 0.0
a 27 43 0 0.0 0.0
a 28 33 0 769176.0 38.0
a 28 37 0 516618.0 6287.0
a 28 46 0 516618.0 5969.0
a 28 32 0 516618.0 287.0
a 28 31 0 516618.0 108.0
a 28 30 0 516618.0 787.0
a 28 29 0 516618.0 213.0
a 28 29 0 516618.0 217.0
a 28 30 0 516618.0 208.0
a 28 31 0 516618.0 123.0
a 28 32 0 516618.0 180.0
a 28 33 0 769176.0 39.0
a 28 37 0 516618.0 7459.0
a 28 46 0 516618.0 6164.0
a 28 10 0 516618.0 306300.0
a 28 27 0 516618.0 279.0
a 28 27 0 516618.0 182.0
a 28 10 0 516618.0 312593.0
a 28 10 0 0.0 0.0
a 28 10 0 0.0 0.0
a 28 27 0 0.0 0.0
a 28 27 0 0.0 0.0
a 28 29 0 0.0 0.0
a 28 29 0 0.0 0.0
a 28 30 0 0.0 0.0
a 28 30 0 0.0 0.0
a 28 31 0 0.0 0.0
a 28 31 0 0.0 0.0
a 28 32 0 0.0 0.0
a 28 32 0 0.0 0.0
a 28 33 0 0.0 0.0
a 28 37 0 0.0 0.0
a 28 37 0 0.0 0.0
a 28 46 0 0.0 0.0
a 28 46 0 0.0 0.0
a 28 33 0 21366.0 0.0
a 28 10 0 0.0 0.0
a 28 10 0 0.0 0.0
a 28 10 0 0.0 0.0
a 28 10 0 0.0 0.0
a 28 27 0 0.0 0.0
a 28 27 0 0.0 0.0
a 28 27 0 0.0 0.0
a 28 27 0 0.0 0.0
a 28 29 0 0.0 0.0
a 28 29 0 0.0 0.0
a 28 29 0 0.0 0.0
a 28 29 0 0.0 0.0
a 28 30 0 0.0 0.0
a 28 30 0 0.0 0.0
a 28 30 0 0.0 0.0
a 28 30 0 0.0 0.0
a 28 31 0 0.0 0.0
a 28 31 0 0.0 0.0
a 28 31 0 0.0 0.0
a 28 31 0 0.0 0.0
a 28 32 0 0.0 0.0
a 28 32 0 0.0 0.0
a 28 32 0 0.0 0.0
a 28 32 0 0.0 0.0
a 28 33 0 0.0 0.0
a 28 33 0 0.0 0.0
a 28 33 0 0.0 0.0
a 28 33 0 0.0 0.0
a 28 37 0 0.0 0.0
a 28 37 0 0.0 0.0
a 28 37 0 0.0 0.0
a 28 37 0 0.0 0.0
a 28 46 0 0.0 0.0
a 28 46 0 0.0 0.0
a 28 46 0 0.0 0.0
a 28 46 0 0.0 0.0
a 29 33 0 769176.0 42.0
a 29 40 0 516618.0 6876.0
a 29 32 0 516618.0 230.0
a 29 31 0 516618.0 298.0
a 29 30 0 516618.0 707.0
a 29 30 0 516618.0 248.0
a 29 31 0 516618.0 252.0
a 29 32 0 516618.0 270.0
a 29 33 0 769176.0 43.0
a 29 43 0 516618.0 38922.0
a 29 6 0 516618.0 64474.0
a 29 27 0 516618.0 239.0
a 29 28 0 516618.0 213.0
a 29 28 0 516618.0 217.0
a 29 27 0 516618.0 263.0
a 29 6 0 516618.0 64546.0
a 29 6 0 0.0 0.0
a 29 6 0 0.0 0.0
a 29 27 0 0.0 0.0
a 29 27 0 0.0 0.0
a 29 28 0 0.0 0.0
a 29 28 0 0.0 0.0
a 29 30 0 0.0 0.0
a 29 30 0 0.0 0.0
a 29 31 0 0.0 0.0
a 29 31 0 0.0 0.0
a 29 32 0 0.0 0.0
a 29 32 0 0.0 0.0
a 29 33 0 0.0 0.0
a 29 40 0 0.0 0.0
a 29 40 0 0.0 0.0
a 29 43 0 0.0 0.0
a 29 43 0 0.0 0.0
a 29 40 0 466764.0 6172.0
a 29 33 0 121074.0 0.0
a 29 43 0 466764.0 35809.0
a 29 6 0 0.0 0.0
a 29 6 0 0.0 0.0
a 29 6 0 0.0 0.0
a 29 6 0 0.0 0.0
a 29 27 0 0.0 0.0
a 29 27 0 0.0 0.0
a 29 27 0 0.0 0.0
a 29 27 0 0.0 0.0
a 29 28 0 0.0 0.0
a 29 28 0 0.0 0.0
a 29 28 0 0.0 0.0
a 29 28 0 0.0 0.0
a 29 30 0 0.0 0.0
a 29 30 0 0.0 0.0
a 29 30 0 0.0 0.0
a 29 30 0 0.0 0.0
a 29 31 0 0.0 0.0
a 29 31 0 0.0 0.0
a 29 31 0 0.0 0.0
a 29 31 0 0.0 0.0
a 29 32 0 0.0 0.0
a 29 32 0 0.0 0.0
a 29 32 0 0.0 0.0
a 29 32 0 0.0 0.0
a 29 33 0 0.0 0.0
a 29 33 0 0.0 0.0
a 29 33 0 0.0 0.0
a 29 33 0 0.0 0.0
a 29 40 0 0.0 0.0
a 29 40 0 0.0 0.0
a 29 40 0 0.0 0.0
a 29 40 0 0.0 0.0
a 29 43 0 0.0 0.0
a 29 43 0 0.0 0.0
a 29 43 0 0.0 0.0
a 29 43 0 0.0 0.0
a 30 33 0 769176.0 38.0
a 30 32 0 516618.0 240.0
a 30 31 0 516618.0 483.0
a 30 31 0 516618.0 310.0
a 30 32 0 516618.0 203.0
a 30 33 0 769176.0 39.0
a 30 44 0 516618.0 31580.0
a 30 24 0 516618.0 758666.0
a 30 27 0 516618.0 298.0
a 30 28 0 516618.0 787.0
a 30 29 0 516618.0 707.0
a 30 29 0 516618.0 248.0
a 30 28 0 516618.0 208.0
a 30 27 0 516618.0 238.0
a 30 24 0 516618.0 748407.0
a 30 24 0 0.0 0.0
a 30 24 0 0.0 0.0
a 30 27 0 0.0 0.0
a 30 27 0 0.0 0.0
a 30 28 0 0.0 0.0
a 30 28 0 0.0 0.0
a 30 29 0 0.0 0.0
a 30 29 0 0.0 0.0
a 30 31 0 0.0 0.0
a 30 31 0 0.0 0.0
a 30 32 0 0.0 0.0
a 30 32 0 0.0 0.0
a 30 33 0 0.0 0.0
a 30 44 0 0.0 0.0
a 30 44 0 0.0 0.0
a 30 33 0 49854.0 0.0
a 30 44 0 488130.0 31266.0
a 30 24 0 0.0 0.0
a 30 24 0 0.0 0.0
a 30 24 0 0.0 0.0
a 30 24 0 0.0 0.0
a 30 27 0 0.0 0.0
a 30 27 0 0.0 0.0
a 30 27 0 0.0 0.0
a 30 27 0 0.0 0.0
a 30 28 0 0.0 0.0
a 30 28 0 0.0 0.0
a 30 28 0 0.0 0.0
a 30 28 0 0.0 0.0
a 30 29 0 0.0 0.0
a 30 29 0 0.0 0.0
a 30 29 0 0.0 0.0
a 30 29 0 0.0 0.0
a 30 31 0 0.0 0.0
a 30 31 0 0.0 0.0
a 30 31 0 0.0 0.0
a 30 31 0 0.0 0.0
a 30 32 0 0.0 0.0
a 30 32 0 0.0 0.0
a 30 32 0 0.0 0.0
a 30 32 0 0.0 0.0
a 30 33 0 0.0 0.0
a 30 33 0 0.0 0.0
a 30 33 0 0.0 0.0
a 30 33 0 0.0 0.0
a 30 44 0 0.0 0.0
a 30 44 0 0.0 0.0
a 30 44 0 0.0 0.0
a 30 44 0 0.0 0.0
a 31 32 0 516618.0 432.0
a 31 32 0 516618.0 263.0
a 31 46 0 516618.0 5848.0
a 31 11 0 516618.0 291254.0
a 31 13 0 516618.0 413583.0
a 31 27 0 516618.0 539.0
a 31 28 0 516618.0 108.0
a 31 29 0 516618.0 298.0
a 31 30 0 516618.0 483.0
a 31 30 0 516618.0 310.0
a 31 29 0 516618.0 252.0
a 31 28 0 516618.0 123.0
a 31 27 0 516618.0 289.0
a 31 13 0 516618.0 424007.0
a 31 11 0 516618.0 332464.0
a 31 11 0 0.0 0.0
a 31 13 0 0.0 0.0
a 31 13 0 0.0 0.0
a 31 27 0 0.0 0.0
a 31 27 0 0.0 0.0
a 31 28 0 0.0 0.0
a 31 28 0 0.0 0.0
a 31 29 0 0.0 0.0
a 31 29 0 0.0 0.0
a 31 30 0 0.0 0.0
a 31 30 0 0.0 0.0
a 31 32 0 0.0 0.0
a 31 32 0 0.0 0.0
a 31 33 0 0.0 0.0
a 31 33 0 0.0 0.0
a 31 46 0 0.0 0.0
a 31 46 0 0.0 0.0
a 31 46 0 374178.0 5263.0
a 31 33 0 697956.0 46.0
a 31 11 0 398832.0 0.0
a 31 33 0 605370.0 46.0
a 31 11 0 0.0 0.0
a 31 11 0 0.0 0.0
a 31 11 0 0.0 0.0
a 31 11 0 0.0 0.0
a 31 13 0 0.0 0.0
a 31 13 0 0.0 0.0
a 31 13 0 0.0 0.0
a 31 13 0 0.0 0.0
a 31 27 0 0.0 0.0
a 31 27 0 0.0 0.0
a 31 27 0 0.0 0.0
a 31 27 0 0.0 0.0
a 31 28 0 0.0 0.0
a 31 28 0 0.0 0.0
a 31 28 0 0.0 0.0
a 31 28 0 0.0 0.0
a 31 29 0 0.0 0.0
a 31 29 0 0.0 0.0
a 31 29 0 0.0 0.0
a 31 29 0 0.0 0.0
a 31 30 0 0.0 0.0
a 31 30 0 0.0 0.0
a 31 30 0 0.0 0.0
a 31 30 0 0.0 0.0
a 31 32 0 0.0 0.0
a 31 32 0 0.0 0.0
a 31 32 0 0.0 0.0
a 31 32 0 0.0 0.0
a 31 33 0 0.0 0.0
a 31 33 0 0.0 0.0
a 31 33 0 0.0 0.0
a 31 33 0 0.0 0.0
a 31 46 0 0.0 0.0
a 31 46 0 0.0 0.0
a 31 46 0 0.0 0.0
a 31 46 0 0.0 0.0
a 32 33 0 769176.0 36.0
a 32 44 0 516618.0 32123.0
a 32 33 0 769176.0 37.0
a 32 44 0 516618.0 31443.0
a 32 2 0 516618.0 335267.0
a 32 27 0 516618.0 211.0
a 32 28 0 516618.0 287.0
a 32 29 0 516618.0 230.0
a 32 30 0 516618.0 240.0
a 32 31 0 516618.0 432.0
a 32 31 0 516618.0 263.0
a 32 30 0 516618.0 203.0
a 32 29 0 516618.0 270.0
a 32 28 0 516618.0 180.0
a 32 27 0 516618.0 260.0
a 32 2 0 516618.0 336671.0
a 32 2 0 0.0 0.0
a 32 2 0 0.0 0.0
a 32 27 0 0.0 0.0
a 32 27 0 0.0 0.0
a 32 28 0 0.0 0.0
a 32 28 0 0.0 0.0
a 32 29 0 0.0 0.0
a 32 29 0 0.0 0.0
a 32 30 0 0.0 0.0
a 32 30 0 0.0 0.0
a 32 31 0 0.0 0.0
a 32 31 0 0.0 0.0
a 32 33 0 0.0 0.0
a 32 44 0 0.0 0.0
a 32 44 0 0.0 0.0
a 32 33 0 21366.0 0.0
a 32 2 0 0.0 0.0
a 32 2 0 0.0 0.0
a 32 2 0 0.0 0.0
a 32 2 0 0.0 0.0
a 32 27 0 0.0 0.0
a 32 27 0 0.0 0.0
a 32 27 0 0.0 0.0
a 32 27 0 0.0 0.0
a 32 28 0 0.0 0.0
a 32 28 0 0.0 0.0
a 32 28 0 0.0 0.0
a 32 28 0 0.0 0.0
a 32 29 0 0.0 0.0
a 32 29 0 0.0 0.0
a 32 29 0 0.0 0.0
a 32 29 0 0.0 0.0
a 32 30 0 0.0 0.0
a 32 30 0 0.0 0.0
a 32 30 0 0.0 0.0
a 32 30 0 0.0 0.0
a 32 31 0 0.0 0.0
a 32 31 0 0.0 0.0
a 32 31 0 0.0 0.0
a 32 31 0 0.0 0.0
a 32 33 0 0.0 0.0
a 32 33 0 0.0 0.0
a 32 33 0 0.0 0.0
a 32 33 0 0.0 0.0
a 32 44 0 0.0 0.0
a 32 44 0 0.0 0.0
a 32 44 0 0.0 0.0
a 32 44 0 0.0 0.0
a 33 31 0 769176.0 46.0
a 33 32 0 769176.0 37.0
a 33 31 0 769176.0 46.0
a 33 30 0 769176.0 39.0
a 33 29 0 769176.0 43.0
a 33 28 0 769176.0 39.0
a 33 27 0 769176.0 41.0
a 33 27 0 0.0 0.0
a 33 27 0 0.0 0.0
a 33 28 0 0.0 0.0
a 33 28 0 0.0 0.0
a 33 29 0 0.0 0.0
a 33 29 0 0.0 0.0
a 33 30 0 0.0 0.0
a 33 30 0 0.0 0.0
a 33 32 0 0.0 0.0
a 33 32 0 0.0 0.0
a 33 32 0 747810.0 36.0
a 33 28 0 747810.0 38.0
a 33 27 0 747810.0 41.0
a 33 31 0 71220.0 0.0
a 33 30 0 719322.0 38.0
a 33 31 0 163806.0 0.0
a 33 29 0 648102.0 42.0
a 33 27 0 0.0 0.0
a 33 27 0 0.0 0.0
a 33 27 0 0.0 0.0
a 33 27 0 0.0 0.0
a 33 28 0 0.0 0.0
a 33 28 0 0.0 0.0
a 33 28 0 0.0 0.0
a 33 28 0 0.0 0.0
a 33 29 0 0.0 0.0
a 33 29 0 0.0 0.0
a 33 29 0 0.0 0.0
a 33 29 0 0.0 0.0
a 33 30 0 0.0 0.0
a 33 30 0 0.0 0.0
a 33 30 0 0.0 0.0
a 33 30 0 0.0 0.0
a 33 31 0 0.0 0.0
a 33 31 0 0.0 0.0
a 33 31 0 0.0 0.0
a 33 31 0 0.0 0.0
a 33 32 0 0.0 0.0
a 33 32 0 0.0 0.0
a 33 32 0 0.0 0.0
a 33 32 0 0.0 0.0
a 34 37 0 516618.0 569664.0
a 34 45 0 516618.0 7779.0
a 34 35 0 769176.0 343.0
a 34 35 0 769176.0 367.0
a 34 36 0 769176.0 47.0
a 34 37 0 516618.0 586211.0
a 34 45 0 516618.0 7743.0
a 34 17 0 516618.0 114010.0
a 34 17 0 516618.0 113822.0
a 34 17 0 0.0 0.0
a 34 35 0 0.0 0.0
a 34 35 0 0.0 0.0
a 34 36 0 0.0 0.0
a 34 36 0 0.0 0.0
a 34 37 0 0.0 0.0
a 34 37 0 0.0 0.0
a 34 45 0 0.0 0.0
a 34 45 0 0.0 0.0
a 34 17 0 71220.0 0.0
a 34 36 0 719322.0 47.0
a 34 17 0 0.0 0.0
a 34 17 0 0.0 0.0
a 34 17 0 0.0 0.0
a 34 17 0 0.0 0.0
a 34 35 0 0.0 0.0
a 34 35 0 0.0 0.0
a 34 35 0 0.0 0.0
a 34 35 0 0.0 0.0
a 34 36 0 0.0 0.0
a 34 36 0 0.0 0.0
a 34 36 0 0.0 0.0
a 34 36 0 0.0 0.0
a 34 37 0 0.0 0.0
a 34 37 0 0.0 0.0
a 34 37 0 0.0 0.0
a 34 37 0 0.0 0.0
a 34 45 0 0.0 0.0
a 34 45 0 0.0 0.0
a 34 45 0 0.0 0.0
a 34 45 0 0.0 0.0
a 35 36 0 769176.0 48.0
a 35 36 0 769176.0 48.0
a 35 48 0 516618.0 162090.0
a 35 9 0 516618.0 302383.0
a 35 13 0 516618.0 144925.0
a 35 34 0 769176.0 343.0
a 35 13 0 516618.0 146749.0
a 35 34 0 769176.0 367.0
a 35 9 0 516618.0 272244.0
a 35 9 0 0.0 0.0
a 35 9 0 0.0 0.0
a 35 13 0 0.0 0.0
a 35 13 0 0.0 0.0
a 35 34 0 0.0 0.0
a 35 34 0 0.0 0.0
a 35 36 0 0.0 0.0
a 35 48 0 0.0 0.0
a 35 48 0 0.0 0.0
a 35 36 0 49854.0 0.0
a 35 48 0 488130.0 160595.0
a 35 9 0 0.0 0.0
a 35 9 0 0.0 0.0
a 35 9 0 0.0 0.0
a 35 9 0 0.0 0.0
a 35 13 0 0.0 0.0
a 35 13 0 0.0 0.0
a 35 13 0 0.0 0.0
a 35 13 0 0.0 0.0
a 35 34 0 0.0 0.0
a 35 34 0 0.0 0.0
a 35 34 0 0.0 0.0
a 35 34 0 0.0 0.0
a 35 36 0 0.0 0.0
a 35 36 0 0.0 0.0
a 35 36 0 0.0 0.0
a 35 36 0 0.0 0.0
a 35 48 0 0.0 0.0
a 35 48 0 0.0 0.0
a 35 48 0 0.0 0.0
a 35 48 0 0.0 0.0
a 36 34 0 769176.0 47.0
a 36 35 0 769176.0 48.0
a 36 34 0 769176.0 47.0
a 36 34 0 0.0 0.0
a 36 35 0 0.0 0.0
a 36 35 0 0.0 0.0
a 36 34 0 49854.0 0.0
a 36 35 0 719322.0 48.0
a 36 34 0 0.0 0.0
a 36 34 0 0.0 0.0
a 36 34 0 0.0 0.0
a 36 34 0 0.0 0.0
a 36 35 0 0.0 0.0
a 36 35 0 0.0 0.0
a 36 35 0 0.0 0.0
a 36 35 0 0.0 0.0
a 37 41 0 769176.0 45.0
a 37 46 0 516618.0 1355.0
a 37 40 0 516618.0 319.0
a 37 39 0 516618.0 639.0
a 37 38 0 516618.0 862.0
a 37 38 0 516618.0 290.0
a 37 39 0 516618.0 340.0
a 37 40 0 516618.0 320.0
a 37 41 0 769176.0 45.0
a 37 46 0 516618.0 1348.0
a 37 6 0 516618.0 60884.0
a 37 28 0 516618.0 6287.0
a 37 34 0 516618.0 569664.0
a 37 34 0 516618.0 586211.0
a 37 28 0 516618.0 7459.0
a 37 6 0 516618.0 62190.0
a 37 6 0 0.0 0.0
a 37 6 0 0.0 0.0
a 37 28 0 0.0 0.0
a 37 28 0 0.0 0.0
a 37 34 0 0.0 0.0
a 37 34 0 0.0 0.0
a 37 38 0 0.0 0.0
a 37 38 0 0.0 0.0
a 37 39 0 0.0 0.0
a 37 39 0 0.0 0.0
a 37 40 0 0.0 0.0
a 37 40 0 0.0 0.0
a 37 41 0 0.0 0.0
a 37 46 0 0.0 0.0
a 37 46 0 0.0 0.0
a 37 41 0 49854.0 0.0
a 37 6 0 0.0 0.0
a 37 6 0 0.0 0.0
a 37 6 0 0.0 0.0
a 37 6 0 0.0 0.0
a 37 28 0 0.0 0.0
a 37 28 0 0.0 0.0
a 37 28 0 0.0 0.0
a 37 28 0 0.0 0.0
a 37 34 0 0.0 0.0
a 37 34 0 0.0 0.0
a 37 34 0 0.0 0.0
a 37 34 0 0.0 0.0
a 37 38 0 0.0 0.0
a 37 38 0 0.0 0.0
a 37 38 0 0.0 0.0
a 37 38 0 0.0 0.0
a 37 39 0 0.0 0.0
a 37 39 0 0.0 0.0
a 37 39 0 0.0 0.0
a 37 39 0 0.0 0.0
a 37 40 0 0.0 0.0
a 37 40 0 0.0 0.0
a 37 40 0 0.0 0.0
a 37 40 0 0.0 0.0
a 37 41 0 0.0 0.0
a 37 41 0 0.0 0.0
a 37 41 0 0.0 0.0
a 37 41 0 0.0 0.0
a 37 46 0 0.0 0.0
a 37 46 0 0.0 0.0
a 37 46 0 0.0 0.0
a 37 46 0 0.0 0.0
a 38 46 0 516618.0 1355.0
a 38 43 0 516618.0 37555.0
a 38 40 0 516618.0 324.0
a 38 39 0 516618.0 482.0
a 38 39 0 516618.0 401.0
a 38 40 0 516618.0 329.0
a 38 41 0 769176.0 48.0
a 38 43 0 516618.0 38714.0
a 38 46 0 516618.0 1362.0
a 38 11 0 516618.0 297510.0
a 38 13 0 516618.0 416385.0
a 38 37 0 516618.0 862.0
a 38 11 0 516618.0 317789.0
a 38 37 0 516618.0 290.0
a 38 13 0 516618.0 421307.0
a 38 11 0 0.0 0.0
a 38 13 0 0.0 0.0
a 38 13 0 0.0 0.0
a 38 37 0 0.0 0.0
a 38 37 0 0.0 0.0
a 38 39 0 0.0 0.0
a 38 39 0 0.0 0.0
a 38 40 0 0.0 0.0
a 38 40 0 0.0 0.0
a 38 41 0 0.0 0.0
a 38 41 0 0.0 0.0
a 38 43 0 0.0 0.0
a 38 43 0 0.0 0.0
a 38 46 0 0.0 0.0
a 38 46 0 0.0 0.0
a 38 41 0 701244.0 47.0
a 38 11 0 117786.0 0.0
a 38 11 0 0.0 0.0
a 38 11 0 0.0 0.0
a 38 11 0 0.0 0.0
a 38 11 0 0.0 0.0
a 38 13 0 0.0 0.0
a 38 13 0 0.0 0.0
a 38 13 0 0.0 0.0
a 38 13 0 0.0 0.0
a 38 37 0 0.0 0.0
a 38 37 0 0.0 0.0
a 38 37 0 0.0 0.0
a 38 37 0 0.0 0.0
a 38 39 0 0.0 0.0
a 38 39 0 0.0 0.0
a 38 39 0 0.0 0.0
a 38 39 0 0.0 0.0
a 38 40 0 0.0 0.0
a 38 40 0 0.0 0.0
a 38 40 0 0.0 0.0
a 38 40 0 0.0 0.0
a 38 41 0 0.0 0.0
a 38 41 0 0.0 0.0
a 38 41 0 0.0 0.0
a 38 41 0 0.0 0.0
a 38 43 0 0.0 0.0
a 38 43 0 0.0 0.0
a 38 43 0 0.0 0.0
a 38 43 0 0.0 0.0
a 38 46 0 0.0 0.0
a 38 46 0 0.0 0.0
a 38 46 0 0.0 0.0
a 38 46 0 0.0 0.0
a 39 41 0 769176.0 55.0
a 39 44 0 516618.0 34781.0
a 39 40 0 516618.0 455.0
a 39 40 0 516618.0 311.0
a 39 41 0 769176.0 55.0
a 39 44 0 516618.0 34807.0
a 39 1 0 516618.0 347627.0
a 39 16 0 516618.0 465574.0
a 39 37 0 516618.0 639.0
a 39 38 0 516618.0 482.0
a 39 38 0 516618.0 401.0
a 39 37 0 516618.0 340.0
a 39 16 0 516618.0 469368.0
a 39 1 0 516618.0 353392.0
a 39 1 0 0.0 0.0
a 39 1 0 0.0 0.0
a 39 16 0 0.0 0.0
a 39 37 0 0.0 0.0
a 39 37 0 0.0 0.0
a 39 38 0 0.0 0.0
a 39 38 0 0.0 0.0
a 39 40 0 0.0 0.0
a 39 40 0 0.0 0.0
a 39 41 0 0.0 0.0
a 39 44 0 0.0 0.0
a 39 44 0 0.0 0.0
a 39 16 0 31776.0 0.0
a 39 41 0 18078.0 0.0
a 39 1 0 0.0 0.0
a 39 1 0 0.0 0.0
a 39 1 0 0.0 0.0
a 39 1 0 0.0 0.0
a 39 16 0 0.0 0.0
a 39 16 0 0.0 0.0
a 39 16 0 0.0 0.0
a 39 16 0 0.0 0.0
a 39 37 0 0.0 0.0
a 39 37 0 0.0 0.0
a 39 37 0 0.0 0.0
a 39 37 0 0.0 0.0
a 39 38 0 0.0 0.0
a 39 38 0 0.0 0.0
a 39 38 0 0.0 0.0
a 39 38 0 0.0 0.0
a 39 40 0 0.0 0.0
a 39 40 0 0.0 0.0
a 39 40 0 0.0 0.0
a 39 40 0 0.0 0.0
a 39 41 0 0.0 0.0
a 39 41 0 0.0 0.0
a 39 41 0 0.0 0.0
a 39 41 0 0.0 0.0
a 39 44 0 0.0 0.0
a 39 44 0 0.0 0.0
a 39 44 0 0.0 0.0
a 39 44 0 0.0 0.0
a 40 41 0 769176.0 43.0
a 40 46 0 516618.0 1378.0
a 40 41 0 769176.0 44.0
a 40 46 0 516618.0 1347.0
a 40 19 0 516618.0 74049.0
a 40 29 0 516618.0 6876.0
a 40 37 0 516618.0 319.0
a 40 38 0 516618.0 324.0
a 40 39 0 516618.0 455.0
a 40 39 0 516618.0 311.0
a 40 38 0 516618.0 329.0
a 40 37 0 516618.0 320.0
a 40 29 0 516618.0 6172.0
a 40 19 0 516618.0 71487.0
a 40 19 0 0.0 0.0
a 40 19 0 0.0 0.0
a 40 29 0 0.0 0.0
a 40 37 0 0.0 0.0
a 40 37 0 0.0 0.0
a 40 38 0 0.0 0.0
a 40 38 0 0.0 0.0
a 40 39 0 0.0 0.0
a 40 39 0 0.0 0.0
a 40 41 0 0.0 0.0
a 40 41 0 0.0 0.0
a 40 46 0 0.0 0.0
a 40 46 0 0.0 0.0
a 40 29 0 49854.0 0.0
a 40 19 0 0.0 0.0
a 40 19 0 0.0 0.0
a 40 19 0 0.0 0.0
a 40 19 0 0.0 0.0
a 40 29 0 0.0 0.0
a 40 29 0 0.0 0.0
a 40 29 0 0.0 0.0
a 40 29 0 0.0 0.0
a 40 37 0 0.0 0.0
a 40 37 0 0.0 0.0
a 40 37 0 0.0 0.0
a 40 37 0 0.0 0.0
a 40 38 0 0.0 0.0
a 40 38 0 0.0 0.0
a 40 38 0 0.0 0.0
a 40 38 0 0.0 0.0
a 40 39 0 0.0 0.0
a 40 39 0 0.0 0.0
a 40 39 0 0.0 0.0
a 40 39 0 0.0 0.0
a 40 41 0 0.0 0.0
a 40 41 0 0.0 0.0
a 40 41 0 0.0 0.0
a 40 41 0 0.0 0.0
a 40 46 0 0.0 0.0
a 40 46 0 0.0 0.0
a 40 46 0 0.0 0.0
a 40 46 0 0.0 0.0
a 41 37 0 769176.0 45.0
a 41 38 0 769176.0 47.0
a 41 40 0 769176.0 43.0
a 41 40 0 769176.0 44.0
a 41 39 0 769176.0 55.0
a 41 38 0 769176.0 48.0
a 41 37 0 0.0 0.0
a 41 37 0 0.0 0.0
a 41 38 0 0.0 0.0
a 41 39 0 0.0 0.0
a 41 39 0 0.0 0.0
a 41 40 0 0.0 0.0
a 41 40 0 0.0 0.0
a 41 37 0 719322.0 45.0
a 41 39 0 751098.0 55.0
a 41 38 0 67932.0 0.0
a 41 37 0 0.0 0.0
a 41 37 0 0.0 0.0
a 41 37 0 0.0 0.0
a 41 37 0 0.0 0.0
a 41 38 0 0.0 0.0
a 41 38 0 0.0 0.0
a 41 38 0 0.0 0.0
a 41 38 0 0.0 0.0
a 41 39 0 0.0 0.0
a 41 39 0 0.0 0.0
a 41 39 0 0.0 0.0
a 41 39 0 0.0 0.0
a 41 40 0 0.0 0.0
a 41 40 0 0.0 0.0
a 41 40 0 0.0 0.0
a 41 40 0 0.0 0.0
a 42 0 0 516618.0 111420.0
a 42 14 0 516618.0 25913.0
a 42 14 0 516618.0 26184.0
a 42 0 0 516618.0 111957.0
a 42 0 0 0.0 0.0
a 42 14 0 0.0 0.0
a 42 14 0 0.0 0.0
a 42 0 0 42732.0 0.0
a 42 0 0 0.0 0.0
a 42 0 0 0.0 0.0
a 42 0 0 0.0 0.0
a 42 0 0 0.0 0.0
a 42 14 0 0.0 0.0
a 42 14 0 0.0 0.0
a 42 14 0 0.0 0.0
a 42 14 0 0.0 0.0
a 43 27 0 516618.0 35979.0
a 43 29 0 516618.0 35809.0
a 43 38 0 516618.0 37555.0
a 43 38 0 516618.0 38714.0
a 43 29 0 516618.0 38922.0
a 43 27 0 516618.0 36379.0
a 43 27 0 0.0 0.0
a 43 27 0 0.0 0.0
a 43 29 0 0.0 0.0
a 43 38 0 0.0 0.0
a 43 38 0 0.0 0.0
a 43 29 0 49854.0 0.0
a 43 27 0 0.0 0.0
a 43 27 0 0.0 0.0
a 43 27 0 0.0 0.0
a 43 27 0 0.0 0.0
a 43 29 0 0.0 0.0
a 43 29 0 0.0 0.0
a 43 29 0 0.0 0.0
a 43 29 0 0.0 0.0
a 43 38 0 0.0 0.0
a 43 38 0 0.0 0.0
a 43 38 0 0.0 0.0
a 43 38 0 0.0 0.0
a 44 30 0 516618.0 31266.0
a 44 32 0 516618.0 32123.0
a 44 39 0 516618.0 34781.0
a 44 39 0 516618.0 34807.0
a 44 32 0 516618.0 31443.0
a 44 30 0 516618.0 31580.0
a 44 30 0 0.0 0.0
a 44 32 0 0.0 0.0
a 44 32 0 0.0 0.0
a 44 39 0 0.0 0.0
a 44 39 0 0.0 0.0
a 44 30 0 28488.0 0.0
a 44 30 0 0.0 0.0
a 44 30 0 0.0 0.0
a 44 30 0 0.0 0.0
a 44 30 0 0.0 0.0
a 44 32 0 0.0 0.0
a 44 32 0 0.0 0.0
a 44 32 0 0.0 0.0
a 44 32 0 0.0 0.0
a 44 39 0 0.0 0.0
a 44 39 0 0.0 0.0
a 44 39 0 0.0 0.0
a 44 39 0 0.0 0.0
a 45 17 0 516618.0 112698.0
a 45 34 0 516618.0 7779.0
a 45 34 0 516618.0 7743.0
a 45 17 0 516618.0 113385.0
a 45 17 0 0.0 0.0
a 45 34 0 0.0 0.0
a 45 34 0 0.0 0.0
a 45 17 0 49854.0 0.0
a 45 17 0 0.0 0.0
a 45 17 0 0.0 0.0
a 45 17 0 0.0 0.0
a 45 17 0 0.0 0.0
a 45 34 0 0.0 0.0
a 45 34 0 0.0 0.0
a 45 34 0 0.0 0.0
a 45 34 0 0.0 0.0
a 46 28 0 516618.0 5969.0
a 46 31 0 516618.0 5263.0
a 46 37 0 516618.0 1355.0
a 46 38 0 516618.0 1355.0
a 46 40 0 516618.0 1378.0
a 46 40 0 516618.0 1347.0
a 46 38 0 516618.0 1362.0
a 46 37 0 516618.0 1348.0
a 46 31 0 516618.0 5848.0
a 46 28 0 516618.0 6164.0
a 46 28 0 0.0 0.0
a 46 28 0 0.0 0.0
a 46 31 0 0.0 0.0
a 46 37 0 0.0 0.0
a 46 37 0 0.0 0.0
a 46 38 0 0.0 0.0
a 46 38 0 0.0 0.0
a 46 40 0 0.0 0.0
a 46 40 0 0.0 0.0
a 46 31 0 142440.0 0.0
a 46 28 0 0.0 0.0
a 46 28 0 0.0 0.0
a 46 28 0 0.0 0.0
a 46 28 0 0.0 0.0
a 46 31 0 0.0 0.0
a 46 31 0 0.0 0.0
a 46 31 0 0.0 0.0
a 46 31 0 0.0 0.0
a 46 37 0 0.0 0.0
a 46 37 0 0.0 0.0
a 46 37 0 0.0 0.0
a 46 37 0 0.0 0.0
a 46 38 0 0.0 0.0
a 46 38 0 0.0 0.0
a 46 38 0 0.0 0.0
a 46 38 0 0.0 0.0
a 46 40 0 0.0 0.0
a 46 40 0 0.0 0.0
a 46 40 0 0.0 0.0
a 46 40 0 0.0 0.0
a 47 48 0 516618.0 92.0
a 47 48 0 516618.0 90.0
a 47 14 0 516618.0 303053.0
a 47 24 0 516618.0 92.0
a 47 25 0 516618.0 192.0
a 47 26 0 769176.0 36.0
a 47 25 0 516618.0 103.0
a 47 24 0 516618.0 83.0
a 47 26 0 769176.0 37.0
a 47 14 0 516618.0 312364.0
a 47 14 0 0.0 0.0
a 47 14 0 0.0 0.0
a 47 24 0 0.0 0.0
a 47 24 0 0.0 0.0
a 47 25 0 0.0 0.0
a 47 25 0 0.0 0.0
a 47 26 0 0.0 0.0
a 47 48 0 0.0 0.0
a 47 48 0 0.0 0.0
a 47 26 0 7122.0 0.0
a 47 14 0 0.0 0.0
a 47 14 0 0.0 0.0
a 47 14 0 0.0 0.0
a 47 14 0 0.0 0.0
a 47 24 0 0.0 0.0
a 47 24 0 0.0 0.0
a 47 24 0 0.0 0.0
a 47 24 0 0.0 0.0
a 47 25 0 0.0 0.0
a 47 25 0 0.0 0.0
a 47 25 0 0.0 0.0
a 47 25 0 0.0 0.0
a 47 26 0 0.0 0.0
a 47 26 0 0.0 0.0
a 47 26 0 0.0 0.0
a 47 26 0 0.0 0.0
a 47 48 0 0.0 0.0
a 47 48 0 0.0 0.0
a 47 48 0 0.0 0.0
a 47 48 0 0.0 0.0
a 48 24 0 516618.0 97.0
a 48 25 0 516618.0 125.0
a 48 35 0 516618.0 160595.0
a 48 47 0 516618.0 92.0
a 48 47 0 516618.0 90.0
a 48 25 0 516618.0 98.0
a 48 24 0 516618.0 96.0
a 48 26 0 769176.0 36.0
a 48 35 0 516618.0 162090.0
a 48 24 0 0.0 0.0
a 48 24 0 0.0 0.0
a 48 25 0 0.0 0.0
a 48 25 0 0.0 0.0
a 48 26 0 0.0 0.0
a 48 26 0 0.0 0.0
a 48 35 0 0.0 0.0
a 48 47 0 0.0 0.0
a 48 47 0 0.0 0.0
a 48 35 0 28488.0 0.0
a 48 26 0 747810.0 36.0
a 48 24 0 0.0 0.0
a 48 24 0 0.0 0.0
a 48 24 0 0.0 0.0
a 48 24 0 0.0 0.0
a 48 25 0 0.0 0.0
a 48 25 0 0.0 0.0
a 48 25 0 0.0 0.0
a 48 25 0 0.0 0.0
a 48 26 0 0.0 0.0
a 48 26 0 0.0 0.0
a 48 26 0 0.0 0.0
a 48 26 0 0.0 0.0
a 48 35 0 0.0 0.0
a 48 35 0 0.0 0.0
a 48 35 0 0.0 0.0
a 48 35 0 0.0 0.0
a 48 47 0 0.0 0.0
a 48 47 0 0.0 0.0
a 48 47 0 0.0 0.0
a 48 47 0 0.0 0.0
