p min 49 520
n 26 -769076.0
n 27 30492.0
n 28 30492.0
n 29 30492.0
n 30 30492.0
n 31 30492.0
n 32 30492.0
n 34 33880.0
n 35 37268.0
n 37 50820.0
n 38 47432.0
n 39 47432.0
n 40 47432.0
n 42 20328.0
n 43 115192.0
n 44 37268.0
n 45 23716.0
n 46 125356.0
a 0 4 0 769076.0 45.0
a 0 8 0 250768.0 73496.0
a 0 42 0 250768.0 88292.0
a 0 3 0 250768.0 217.0
a 0 2 0 250768.0 242.0
a 0 1 0 250768.0 235.0
a 0 1 0 250768.0 283.0
a 0 2 0 250768.0 235.0
a 0 3 0 250768.0 255.0
a 0 4 0 769076.0 46.0
a 0 8 0 250768.0 70183.0
a 0 42 0 250768.0 89204.0
a 0 1 0 250768.0 0.0
a 0 1 0 250768.0 0.0
a 0 2 0 250768.0 0.0
a 0 2 0 250768.0 0.0
a 0 3 0 250768.0 0.0
a 0 3 0 250768.0 0.0
a 0 4 0 769076.0 0.0
a 0 4 0 769076.0 0.0
a 0 8 0 250768.0 0.0
a 0 8 0 250768.0 0.0
a 0 42 0 250768.0 0.0
a 0 42 0 250768.0 0.0
a 1 0 0 250768.0 0.0
a 1 0 0 250768.0 0.0
a 1 4 0 769076.0 49.0
a 1 20 0 250768.0 341648.0
a 1 39 0 250768.0 313616.0
a 1 3 0 250768.0 250.0
a 1 2 0 250768.0 254.0
a 1 2 0 250768.0 263.0
a 1 3 0 250768.0 263.0
a 1 4 0 769076.0 49.0
a 1 20 0 250768.0 321832.0
a 1 39 0 250768.0 263927.0
a 1 0 0 250768.0 235.0
a 1 0 0 250768.0 283.0
a 1 2 0 250768.0 0.0
a 1 2 0 250768.0 0.0
a 1 3 0 250768.0 0.0
a 1 3 0 250768.0 0.0
a 1 4 0 769076.0 0.0
a 1 4 0 769076.0 0.0
a 1 20 0 250768.0 0.0
a 1 20 0 250768.0 0.0
a 1 39 0 250768.0 0.0
a 1 39 0 250768.0 0.0
a 2 0 0 250768.0 0.0
a 2 0 0 250768.0 0.0
a 2 1 0 250768.0 0.0
a 2 1 0 250768.0 0.0
a 2 4 0 769076.0 44.0
a 2 32 0 250768.0 266567.0
a 2 16 0 250768.0 109096.0
a 2 3 0 250768.0 183.0
a 2 3 0 250768.0 192.0
a 2 4 0 769076.0 44.0
a 2 16 0 250768.0 109896.0
a 2 32 0 250768.0 260772.0
a 2 0 0 250768.0 242.0
a 2 1 0 250768.0 254.0
a 2 1 0 250768.0 263.0
a 2 0 0 250768.0 235.0
a 2 3 0 250768.0 0.0
a 2 3 0 250768.0 0.0
a 2 4 0 769076.0 0.0
a 2 4 0 769076.0 0.0
a 2 16 0 250768.0 0.0
a 2 16 0 250768.0 0.0
a 2 32 0 250768.0 0.0
a 2 32 0 250768.0 0.0
a 3 0 0 250768.0 0.0
a 3 0 0 250768.0 0.0
a 3 1 0 250768.0 0.0
a 3 1 0 250768.0 0.0
a 3 2 0 250768.0 0.0
a 3 2 0 250768.0 0.0
a 3 14 0 250768.0 84385.0
a 3 4 0 769076.0 44.0
a 3 27 0 250768.0 267152.0
a 3 4 0 769076.0 45.0
a 3 14 0 250768.0 88397.0
a 3 27 0 250768.0 262118.0
a 3 0 0 250768.0 217.0
a 3 1 0 250768.0 250.0
a 3 2 0 250768.0 183.0
a 3 2 0 250768.0 192.0
a 3 1 0 250768.0 263.0
a 3 0 0 250768.0 255.0
a 3 4 0 769076.0 0.0
a 3 4 0 769076.0 0.0
a 3 14 0 250768.0 0.0
a 3 14 0 250768.0 0.0
a 3 27 0 250768.0 0.0
a 3 27 0 250768.0 0.0
a 4 0 0 769076.0 0.0
a 4 0 0 769076.0 0.0
a 4 1 0 769076.0 0.0
a 4 1 0 769076.0 0.0
a 4 2 0 769076.0 0.0
a 4 2 0 769076.0 0.0
a 4 3 0 769076.0 0.0
a 4 3 0 769076.0 0.0
a 4 0 0 769076.0 45.0
a 4 1 0 769076.0 49.0
a 4 2 0 769076.0 44.0
a 4 3 0 769076.0 44.0
a 4 3 0 769076.0 45.0
a 4 2 0 769076.0 44.0
a 4 1 0 769076.0 49.0
a 4 0 0 769076.0 46.0
a 5 7 0 769076.0 38.0
a 5 20 0 250768.0 19421.0
a 5 10 0 250768.0 293634.0
a 5 6 0 501536.0 256.0
a 5 6 0 501536.0 253.0
a 5 7 0 769076.0 38.0
a 5 10 0 250768.0 319293.0
a 5 20 0 250768.0 18497.0
a 5 6 0 501536.0 0.0
a 5 6 0 501536.0 0.0
a 5 7 0 769076.0 0.0
a 5 7 0 769076.0 0.0
a 5 10 0 250768.0 0.0
a 5 10 0 250768.0 0.0
a 5 20 0 250768.0 0.0
a 5 20 0 250768.0 0.0
a 6 5 0 501536.0 0.0
a 6 5 0 501536.0 0.0
a 6 7 0 769076.0 41.0
a 6 37 0 250768.0 49617.0
a 6 29 0 250768.0 53527.0
a 6 7 0 769076.0 41.0
a 6 29 0 250768.0 52860.0
a 6 37 0 250768.0 54326.0
a 6 5 0 501536.0 256.0
a 6 5 0 501536.0 253.0
a 6 7 0 769076.0 0.0
a 6 7 0 769076.0 0.0
a 6 29 0 250768.0 0.0
a 6 29 0 250768.0 0.0
a 6 37 0 250768.0 0.0
a 6 37 0 250768.0 0.0
a 7 5 0 769076.0 0.0
a 7 5 0 769076.0 0.0
a 7 6 0 769076.0 0.0
a 7 6 0 769076.0 0.0
a 7 5 0 769076.0 38.0
a 7 6 0 769076.0 41.0
a 7 6 0 769076.0 41.0
a 7 5 0 769076.0 38.0
a 8 0 0 250768.0 0.0
a 8 0 0 250768.0 0.0
a 8 12 0 769076.0 49.0
a 8 25 0 250768.0 339623.0
a 8 11 0 250768.0 395.0
a 8 10 0 250768.0 410.0
a 8 9 0 250768.0 261.0
a 8 9 0 250768.0 274.0
a 8 10 0 250768.0 310.0
a 8 11 0 250768.0 332.0
a 8 12 0 769076.0 50.0
a 8 25 0 250768.0 341447.0
a 8 0 0 250768.0 73496.0
a 8 0 0 250768.0 70183.0
a 8 9 0 250768.0 0.0
a 8 9 0 250768.0 0.0
a 8 10 0 250768.0 0.0
a 8 10 0 250768.0 0.0
a 8 11 0 250768.0 0.0
a 8 11 0 250768.0 0.0
a 8 12 0 769076.0 0.0
a 8 12 0 769076.0 0.0
a 8 25 0 250768.0 0.0
a 8 25 0 250768.0 0.0
a 9 8 0 250768.0 0.0
a 9 8 0 250768.0 0.0
a 9 12 0 769076.0 57.0
a 9 14 0 250768.0 98715.0
a 9 35 0 250768.0 217527.0
a 9 17 0 250768.0 133303.0
a 9 11 0 250768.0 407.0
a 9 10 0 250768.0 432.0
a 9 10 0 250768.0 351.0
a 9 11 0 250768.0 331.0
a 9 12 0 769076.0 57.0
a 9 14 0 250768.0 98007.0
a 9 17 0 250768.0 134080.0
a 9 35 0 250768.0 218575.0
a 9 8 0 250768.0 261.0
a 9 8 0 250768.0 274.0
a 9 10 0 250768.0 0.0
a 9 10 0 250768.0 0.0
a 9 11 0 250768.0 0.0
a 9 11 0 250768.0 0.0
a 9 12 0 769076.0 0.0
a 9 12 0 769076.0 0.0
a 9 14 0 250768.0 0.0
a 9 14 0 250768.0 0.0
a 9 17 0 250768.0 0.0
a 9 17 0 250768.0 0.0
a 9 35 0 250768.0 0.0
a 9 35 0 250768.0 0.0
a 10 5 0 250768.0 0.0
a 10 5 0 250768.0 0.0
a 10 8 0 250768.0 0.0
a 10 8 0 250768.0 0.0
a 10 9 0 250768.0 0.0
a 10 9 0 250768.0 0.0
a 10 11 0 250768.0 248.0
a 10 12 0 769076.0 54.0
a 10 28 0 250768.0 243563.0
a 10 11 0 250768.0 233.0
a 10 12 0 769076.0 55.0
a 10 28 0 250768.0 243920.0
a 10 5 0 250768.0 293634.0
a 10 8 0 250768.0 410.0
a 10 9 0 250768.0 432.0
a 10 9 0 250768.0 351.0
a 10 8 0 250768.0 310.0
a 10 5 0 250768.0 319293.0
a 10 11 0 250768.0 0.0
a 10 11 0 250768.0 0.0
a 10 12 0 769076.0 0.0
a 10 12 0 769076.0 0.0
a 10 28 0 250768.0 0.0
a 10 28 0 250768.0 0.0
a 11 8 0 250768.0 0.0
a 11 8 0 250768.0 0.0
a 11 9 0 250768.0 0.0
a 11 9 0 250768.0 0.0
a 11 10 0 250768.0 0.0
a 11 10 0 250768.0 0.0
a 11 38 0 250768.0 248549.0
a 11 12 0 769076.0 70.0
a 11 31 0 250768.0 243243.0
a 11 21 0 250768.0 297292.0
a 11 12 0 769076.0 70.0
a 11 21 0 250768.0 299887.0
a 11 31 0 250768.0 242691.0
a 11 38 0 250768.0 242982.0
a 11 8 0 250768.0 395.0
a 11 9 0 250768.0 407.0
a 11 10 0 250768.0 248.0
a 11 10 0 250768.0 233.0
a 11 9 0 250768.0 331.0
a 11 8 0 250768.0 332.0
a 11 12 0 769076.0 0.0
a 11 12 0 769076.0 0.0
a 11 21 0 250768.0 0.0
a 11 21 0 250768.0 0.0
a 11 31 0 250768.0 0.0
a 11 31 0 250768.0 0.0
a 11 38 0 250768.0 0.0
a 11 38 0 250768.0 0.0
a 12 8 0 769076.0 0.0
a 12 8 0 769076.0 0.0
a 12 9 0 769076.0 0.0
a 12 9 0 769076.0 0.0
a 12 10 0 769076.0 0.0
a 12 10 0 769076.0 0.0
a 12 11 0 769076.0 0.0
a 12 11 0 769076.0 0.0
a 12 8 0 769076.0 49.0
a 12 9 0 769076.0 57.0
a 12 10 0 769076.0 54.0
a 12 11 0 769076.0 70.0
a 12 11 0 769076.0 70.0
a 12 10 0 769076.0 55.0
a 12 9 0 769076.0 57.0
a 12 8 0 769076.0 50.0
a 13 35 0 250768.0 123093.0
a 13 15 0 769076.0 42.0
a 13 31 0 250768.0 341043.0
a 13 38 0 250768.0 340563.0
a 13 14 0 501536.0 346.0
a 13 14 0 501536.0 292.0
a 13 15 0 769076.0 43.0
a 13 31 0 250768.0 347968.0
a 13 35 0 250768.0 130127.0
a 13 38 0 250768.0 334827.0
a 13 14 0 501536.0 0.0
a 13 14 0 501536.0 0.0
a 13 15 0 769076.0 0.0
a 13 15 0 769076.0 0.0
a 13 31 0 250768.0 0.0
a 13 31 0 250768.0 0.0
a 13 35 0 250768.0 0.0
a 13 35 0 250768.0 0.0
a 13 38 0 250768.0 0.0
a 13 38 0 250768.0 0.0
a 14 3 0 250768.0 0.0
a 14 3 0 250768.0 0.0
a 14 9 0 250768.0 0.0
a 14 9 0 250768.0 0.0
a 14 13 0 501536.0 0.0
a 14 13 0 501536.0 0.0
a 14 47 0 250768.0 245856.0
a 14 42 0 250768.0 24568.0
a 14 15 0 769076.0 42.0
a 14 15 0 769076.0 43.0
a 14 42 0 250768.0 24762.0
a 14 47 0 250768.0 248219.0
a 14 3 0 250768.0 84385.0
a 14 9 0 250768.0 98715.0
a 14 13 0 501536.0 346.0
a 14 3 0 250768.0 88397.0
a 14 13 0 501536.0 292.0
a 14 9 0 250768.0 98007.0
a 14 15 0 769076.0 0.0
a 14 15 0 769076.0 0.0
a 14 42 0 250768.0 0.0
a 14 42 0 250768.0 0.0
a 14 47 0 250768.0 0.0
a 14 47 0 250768.0 0.0
a 15 13 0 769076.0 0.0
a 15 13 0 769076.0 0.0
a 15 14 0 769076.0 0.0
a 15 14 0 769076.0 0.0
a 15 13 0 769076.0 42.0
a 15 14 0 769076.0 42.0
a 15 14 0 769076.0 43.0
a 15 13 0 769076.0 43.0
a 16 2 0 250768.0 0.0
a 16 2 0 250768.0 0.0
a 16 18 0 769076.0 50.0
a 16 39 0 250768.0 375835.0
a 16 17 0 501536.0 334.0
a 16 17 0 501536.0 216.0
a 16 18 0 769076.0 50.0
a 16 39 0 250768.0 382966.0
a 16 2 0 250768.0 109096.0
a 16 2 0 250768.0 109896.0
a 16 17 0 501536.0 0.0
a 16 17 0 501536.0 0.0
a 16 18 0 769076.0 0.0
a 16 18 0 769076.0 0.0
a 16 39 0 250768.0 0.0
a 16 39 0 250768.0 0.0
a 17 9 0 250768.0 0.0
a 17 9 0 250768.0 0.0
a 17 16 0 501536.0 0.0
a 17 16 0 501536.0 0.0
a 17 18 0 769076.0 45.0
a 17 34 0 250768.0 89129.0
a 17 45 0 250768.0 84371.0
a 17 18 0 769076.0 45.0
a 17 34 0 250768.0 95911.0
a 17 45 0 250768.0 84795.0
a 17 9 0 250768.0 133303.0
a 17 16 0 501536.0 334.0
a 17 16 0 501536.0 216.0
a 17 9 0 250768.0 134080.0
a 17 18 0 769076.0 0.0
a 17 18 0 769076.0 0.0
a 17 34 0 250768.0 0.0
a 17 34 0 250768.0 0.0
a 17 45 0 250768.0 0.0
a 17 45 0 250768.0 0.0
a 18 16 0 769076.0 0.0
a 18 16 0 769076.0 0.0
a 18 17 0 769076.0 0.0
a 18 17 0 769076.0 0.0
a 18 16 0 769076.0 50.0
a 18 17 0 769076.0 45.0
a 18 17 0 769076.0 45.0
a 18 16 0 769076.0 50.0
a 19 23 0 769076.0 35.0
a 19 40 0 250768.0 61167.0
a 19 22 0 250768.0 128.0
a 19 21 0 250768.0 214.0
a 19 20 0 250768.0 271.0
a 19 20 0 250768.0 164.0
a 19 21 0 250768.0 214.0
a 19 22 0 250768.0 132.0
a 19 23 0 769076.0 36.0
a 19 40 0 250768.0 64908.0
a 19 20 0 250768.0 0.0
a 19 20 0 250768.0 0.0
a 19 21 0 250768.0 0.0
a 19 21 0 250768.0 0.0
a 19 22 0 250768.0 0.0
a 19 22 0 250768.0 0.0
a 19 23 0 769076.0 0.0
a 19 23 0 769076.0 0.0
a 19 40 0 250768.0 0.0
a 19 40 0 250768.0 0.0
a 20 1 0 250768.0 0.0
a 20 1 0 250768.0 0.0
a 20 5 0 250768.0 0.0
a 20 5 0 250768.0 0.0
a 20 19 0 250768.0 0.0
a 20 19 0 250768.0 0.0
a 20 23 0 769076.0 37.0
a 20 22 0 250768.0 274.0
a 20 21 0 250768.0 314.0
a 20 21 0 250768.0 228.0
a 20 22 0 250768.0 204.0
a 20 23 0 769076.0 37.0
a 20 1 0 250768.0 341648.0
a 20 5 0 250768.0 19421.0
a 20 19 0 250768.0 271.0
a 20 19 0 250768.0 164.0
a 20 5 0 250768.0 18497.0
a 20 1 0 250768.0 321832.0
a 20 21 0 250768.0 0.0
a 20 21 0 250768.0 0.0
a 20 22 0 250768.0 0.0
a 20 22 0 250768.0 0.0
a 20 23 0 769076.0 0.0
a 20 23 0 769076.0 0.0
a 21 11 0 250768.0 0.0
a 21 11 0 250768.0 0.0
a 21 19 0 250768.0 0.0
a 21 19 0 250768.0 0.0
a 21 20 0 250768.0 0.0
a 21 20 0 250768.0 0.0
a 21 23 0 769076.0 35.0
a 21 22 0 250768.0 259.0
a 21 22 0 250768.0 273.0
a 21 23 0 769076.0 35.0
a 21 11 0 250768.0 297292.0
a 21 19 0 250768.0 214.0
a 21 20 0 250768.0 314.0
a 21 20 0 250768.0 228.0
a 21 19 0 250768.0 214.0
a 21 11 0 250768.0 299887.0
a 21 22 0 250768.0 0.0
a 21 22 0 250768.0 0.0
a 21 23 0 769076.0 0.0
a 21 23 0 769076.0 0.0
a 22 19 0 250768.0 0.0
a 22 19 0 250768.0 0.0
a 22 20 0 250768.0 0.0
a 22 20 0 250768.0 0.0
a 22 21 0 250768.0 0.0
a 22 21 0 250768.0 0.0
a 22 23 0 769076.0 36.0
a 22 27 0 250768.0 64202.0
a 22 23 0 769076.0 36.0
a 22 27 0 250768.0 62224.0
a 22 19 0 250768.0 128.0
a 22 20 0 250768.0 274.0
a 22 21 0 250768.0 259.0
a 22 21 0 250768.0 273.0
a 22 20 0 250768.0 204.0
a 22 19 0 250768.0 132.0
a 22 23 0 769076.0 0.0
a 22 23 0 769076.0 0.0
a 22 27 0 250768.0 0.0
a 22 27 0 250768.0 0.0
a 23 19 0 769076.0 0.0
a 23 19 0 769076.0 0.0
a 23 20 0 769076.0 0.0
a 23 20 0 769076.0 0.0
a 23 21 0 769076.0 0.0
a 23 21 0 769076.0 0.0
a 23 22 0 769076.0 0.0
a 23 22 0 769076.0 0.0
a 23 19 0 769076.0 35.0
a 23 20 0 769076.0 37.0
a 23 21 0 769076.0 35.0
a 23 22 0 769076.0 36.0
a 23 22 0 769076.0 36.0
a 23 21 0 769076.0 35.0
a 23 20 0 769076.0 37.0
a 23 19 0 769076.0 36.0
a 24 25 0 250768.0 165.0
a 24 47 0 250768.0 94.0
a 24 48 0 250768.0 97.0
a 24 26 0 769076.0 38.0
a 24 30 0 250768.0 758666.0
a 24 25 0 250768.0 139.0
a 24 26 0 769076.0 38.0
a 24 30 0 250768.0 671272.0
a 24 47 0 250768.0 99.0
a 24 48 0 250768.0 102.0
a 24 25 0 250768.0 0.0
a 24 25 0 250768.0 0.0
a 24 26 0 769076.0 0.0
a 24 26 0 769076.0 0.0
a 24 30 0 250768.0 0.0
a 24 30 0 250768.0 0.0
a 24 47 0 250768.0 0.0
a 24 47 0 250768.0 0.0
a 24 48 0 250768.0 0.0
a 24 48 0 250768.0 0.0
a 25 8 0 250768.0 0.0
a 25 8 0 250768.0 0.0
a 25 24 0 250768.0 0.0
a 25 24 0 250768.0 0.0
a 25 47 0 250768.0 115.0
a 25 48 0 250768.0 134.0
a 25 26 0 769076.0 36.0
a 25 26 0 769076.0 36.0
a 25 47 0 250768.0 110.0
a 25 48 0 250768.0 99.0
a 25 8 0 250768.0 339623.0
a 25 24 0 250768.0 165.0
a 25 24 0 250768.0 139.0
a 25 8 0 250768.0 341447.0
a 25 26 0 769076.0 0.0
a 25 26 0 769076.0 0.0
a 25 47 0 250768.0 0.0
a 25 47 0 250768.0 0.0
a 25 48 0 250768.0 0.0
a 25 48 0 250768.0 0.0
a 26 24 0 769076.0 0.0
a 26 24 0 769076.0 0.0
a 26 25 0 769076.0 0.0
a 26 25 0 769076.0 0.0
a 26 47 0 769076.0 36.0
a 26 48 0 769076.0 35.0
a 26 47 0 769076.0 36.0
a 26 48 0 769076.0 36.0
a 26 24 0 769076.0 38.0
a 26 25 0 769076.0 36.0
a 26 25 0 769076.0 36.0
a 26 24 0 769076.0 38.0
a 26 47 0 769076.0 0.0
a 26 47 0 769076.0 0.0
a 26 48 0 769076.0 0.0
a 26 48 0 769076.0 0.0
a 27 3 0 250768.0 0.0
a 27 3 0 250768.0 0.0
a 27 22 0 250768.0 0.0
a 27 22 0 250768.0 0.0
a 27 33 0 769076.0 40.0
a 27 43 0 250768.0 31888.0
a 27 32 0 250768.0 214.0
a 27 31 0 250768.0 301.0
a 27 30 0 250768.0 285.0
a 27 29 0 250768.0 317.0
a 27 28 0 250768.0 281.0
a 27 28 0 250768.0 188.0
a 27 29 0 250768.0 203.0
a 27 30 0 250768.0 211.0
a 27 31 0 250768.0 216.0
a 27 32 0 250768.0 211.0
a 27 33 0 769076.0 41.0
a 27 43 0 250768.0 31802.0
a 27 3 0 250768.0 267152.0
a 27 22 0 250768.0 64202.0
a 27 22 0 250768.0 62224.0
a 27 3 0 250768.0 262118.0
a 27 28 0 250768.0 0.0
a 27 28 0 250768.0 0.0
a 27 29 0 250768.0 0.0
a 27 29 0 250768.0 0.0
a 27 30 0 250768.0 0.0
a 27 30 0 250768.0 0.0
a 27 31 0 250768.0 0.0
a 27 31 0 250768.0 0.0
a 27 32 0 250768.0 0.0
a 27 32 0 250768.0 0.0
a 27 33 0 769076.0 0.0
a 27 33 0 769076.0 0.0
a 27 43 0 250768.0 0.0
a 27 43 0 250768.0 0.0
a 28 10 0 250768.0 0.0
a 28 10 0 250768.0 0.0
a 28 27 0 250768.0 0.0
a 28 27 0 250768.0 0.0
a 28 33 0 769076.0 38.0
a 28 37 0 250768.0 6060.0
a 28 46 0 250768.0 4710.0
a 28 32 0 250768.0 261.0
a 28 31 0 250768.0 110.0
a 28 30 0 250768.0 538.0
a 28 29 0 250768.0 251.0
a 28 29 0 250768.0 195.0
a 28 30 0 250768.0 250.0
a 28 31 0 250768.0 128.0
a 28 32 0 250768.0 235.0
a 28 33 0 769076.0 39.0
a 28 37 0 250768.0 5835.0
a 28 46 0 250768.0 4756.0
a 28 10 0 250768.0 243563.0
a 28 27 0 250768.0 281.0
a 28 27 0 250768.0 188.0
a 28 10 0 250768.0 243920.0
a 28 29 0 250768.0 0.0
a 28 29 0 250768.0 0.0
a 28 30 0 250768.0 0.0
a 28 30 0 250768.0 0.0
a 28 31 0 250768.0 0.0
a 28 31 0 250768.0 0.0
a 28 32 0 250768.0 0.0
a 28 32 0 250768.0 0.0
a 28 33 0 769076.0 0.0
a 28 33 0 769076.0 0.0
a 28 37 0 250768.0 0.0
a 28 37 0 250768.0 0.0
a 28 46 0 250768.0 0.0
a 28 46 0 250768.0 0.0
a 29 6 0 250768.0 0.0
a 29 6 0 250768.0 0.0
a 29 27 0 250768.0 0.0
a 29 27 0 250768.0 0.0
a 29 28 0 250768.0 0.0
a 29 28 0 250768.0 0.0
a 29 33 0 769076.0 42.0
a 29 40 0 250768.0 5890.0
a 29 43 0 250768.0 31477.0
a 29 32 0 250768.0 263.0
a 29 31 0 250768.0 266.0
a 29 30 0 250768.0 391.0
a 29 30 0 250768.0 272.0
a 29 31 0 250768.0 255.0
a 29 32 0 250768.0 242.0
a 29 33 0 769076.0 43.0
a 29 40 0 250768.0 5860.0
a 29 43 0 250768.0 31848.0
a 29 6 0 250768.0 53527.0
a 29 27 0 250768.0 317.0
a 29 28 0 250768.0 251.0
a 29 28 0 250768.0 195.0
a 29 27 0 250768.0 203.0
a 29 6 0 250768.0 52860.0
a 29 30 0 250768.0 0.0
a 29 30 0 250768.0 0.0
a 29 31 0 250768.0 0.0
a 29 31 0 250768.0 0.0
a 29 32 0 250768.0 0.0
a 29 32 0 250768.0 0.0
a 29 33 0 769076.0 0.0
a 29 33 0 769076.0 0.0
a 29 40 0 250768.0 0.0
a 29 40 0 250768.0 0.0
a 29 43 0 250768.0 0.0
a 29 43 0 250768.0 0.0
a 30 24 0 250768.0 0.0
a 30 24 0 250768.0 0.0
a 30 27 0 250768.0 0.0
a 30 27 0 250768.0 0.0
a 30 28 0 250768.0 0.0
a 30 28 0 250768.0 0.0
a 30 29 0 250768.0 0.0
a 30 29 0 250768.0 0.0
a 30 33 0 769076.0 39.0
a 30 44 0 250768.0 27239.0
a 30 32 0 250768.0 279.0
a 30 31 0 250768.0 334.0
a 30 31 0 250768.0 284.0
a 30 32 0 250768.0 261.0
a 30 33 0 769076.0 39.0
a 30 44 0 250768.0 25941.0
a 30 24 0 250768.0 758666.0
a 30 27 0 250768.0 285.0
a 30 28 0 250768.0 538.0
a 30 29 0 250768.0 391.0
a 30 29 0 250768.0 272.0
a 30 28 0 250768.0 250.0
a 30 27 0 250768.0 211.0
a 30 24 0 250768.0 671272.0
a 30 31 0 250768.0 0.0
a 30 31 0 250768.0 0.0
a 30 32 0 250768.0 0.0
a 30 32 0 250768.0 0.0
a 30 33 0 769076.0 0.0
a 30 33 0 769076.0 0.0
a 30 44 0 250768.0 0.0
a 30 44 0 250768.0 0.0
a 31 11 0 250768.0 0.0
a 31 11 0 250768.0 0.0
a 31 13 0 250768.0 0.0
a 31 13 0 250768.0 0.0
a 31 27 0 250768.0 0.0
a 31 27 0 250768.0 0.0
a 31 28 0 250768.0 0.0
a 31 28 0 250768.0 0.0
a 31 29 0 250768.0 0.0
a 31 29 0 250768.0 0.0
a 31 30 0 250768.0 0.0
a 31 30 0 250768.0 0.0
a 31 33 0 769076.0 44.0
a 31 46 0 250768.0 4893.0
a 31 32 0 250768.0 344.0
a 31 32 0 250768.0 274.0
a 31 33 0 769076.0 45.0
a 31 46 0 250768.0 4764.0
a 31 11 0 250768.0 243243.0
a 31 13 0 250768.0 341043.0
a 31 27 0 250768.0 301.0
a 31 28 0 250768.0 110.0
a 31 29 0 250768.0 266.0
a 31 30 0 250768.0 334.0
a 31 30 0 250768.0 284.0
a 31 29 0 250768.0 255.0
a 31 28 0 250768.0 128.0
a 31 27 0 250768.0 216.0
a 31 13 0 250768.0 347968.0
a 31 11 0 250768.0 242691.0
a 31 32 0 250768.0 0.0
a 31 32 0 250768.0 0.0
a 31 33 0 769076.0 0.0
a 31 33 0 769076.0 0.0
a 31 46 0 250768.0 0.0
a 31 46 0 250768.0 0.0
a 32 2 0 250768.0 0.0
a 32 2 0 250768.0 0.0
a 32 27 0 250768.0 0.0
a 32 27 0 250768.0 0.0
a 32 28 0 250768.0 0.0
a 32 28 0 250768.0 0.0
a 32 29 0 250768.0 0.0
a 32 29 0 250768.0 0.0
a 32 30 0 250768.0 0.0
a 32 30 0 250768.0 0.0
a 32 31 0 250768.0 0.0
a 32 31 0 250768.0 0.0
a 32 33 0 769076.0 35.0
a 32 44 0 250768.0 27062.0
a 32 33 0 769076.0 35.0
a 32 44 0 250768.0 26040.0
a 32 2 0 250768.0 266567.0
a 32 27 0 250768.0 214.0
a 32 28 0 250768.0 261.0
a 32 29 0 250768.0 263.0
a 32 30 0 250768.0 279.0
a 32 31 0 250768.0 344.0
a 32 31 0 250768.0 274.0
a 32 30 0 250768.0 261.0
a 32 29 0 250768.0 242.0
a 32 28 0 250768.0 235.0
a 32 27 0 250768.0 211.0
a 32 2 0 250768.0 260772.0
a 32 33 0 769076.0 0.0
a 32 33 0 769076.0 0.0
a 32 44 0 250768.0 0.0
a 32 44 0 250768.0 0.0
a 33 27 0 769076.0 0.0
a 33 27 0 769076.0 0.0
a 33 28 0 769076.0 0.0
a 33 28 0 769076.0 0.0
a 33 29 0 769076.0 0.0
a 33 29 0 769076.0 0.0
a 33 30 0 769076.0 0.0
a 33 30 0 769076.0 0.0
a 33 31 0 769076.0 0.0
a 33 31 0 769076.0 0.0
a 33 32 0 769076.0 0.0
a 33 32 0 769076.0 0.0
a 33 27 0 769076.0 40.0
a 33 28 0 769076.0 38.0
a 33 29 0 769076.0 42.0
a 33 30 0 769076.0 39.0
a 33 31 0 769076.0 44.0
a 33 32 0 769076.0 35.0
a 33 32 0 769076.0 35.0
a 33 31 0 769076.0 45.0
a 33 30 0 769076.0 39.0
a 33 29 0 769076.0 43.0
a 33 28 0 769076.0 39.0
a 33 27 0 769076.0 41.0
a 34 17 0 250768.0 0.0
a 34 17 0 250768.0 0.0
a 34 37 0 250768.0 500816.0
a 34 36 0 769076.0 46.0
a 34 45 0 250768.0 7777.0
a 34 35 0 501536.0 336.0
a 34 35 0 501536.0 271.0
a 34 36 0 769076.0 47.0
a 34 37 0 250768.0 541999.0
a 34 45 0 250768.0 7814.0
a 34 17 0 250768.0 89129.0
a 34 17 0 250768.0 95911.0
a 34 35 0 501536.0 0.0
a 34 35 0 501536.0 0.0
a 34 36 0 769076.0 0.0
a 34 36 0 769076.0 0.0
a 34 37 0 250768.0 0.0
a 34 37 0 250768.0 0.0
a 34 45 0 250768.0 0.0
a 34 45 0 250768.0 0.0
a 35 9 0 250768.0 0.0
a 35 9 0 250768.0 0.0
a 35 13 0 250768.0 0.0
a 35 13 0 250768.0 0.0
a 35 34 0 501536.0 0.0
a 35 34 0 501536.0 0.0
a 35 48 0 250768.0 125734.0
a 35 36 0 769076.0 48.0
a 35 36 0 769076.0 48.0
a 35 48 0 250768.0 135861.0
a 35 9 0 250768.0 217527.0
a 35 13 0 250768.0 123093.0
a 35 34 0 501536.0 336.0
a 35 13 0 250768.0 130127.0
a 35 34 0 501536.0 271.0
a 35 9 0 250768.0 218575.0
a 35 36 0 769076.0 0.0
a 35 36 0 769076.0 0.0
a 35 48 0 250768.0 0.0
a 35 48 0 250768.0 0.0
a 36 34 0 769076.0 0.0
a 36 34 0 769076.0 0.0
a 36 35 0 769076.0 0.0
a 36 35 0 769076.0 0.0
a 36 34 0 769076.0 46.0
a 36 35 0 769076.0 48.0
a 36 35 0 769076.0 48.0
a 36 34 0 769076.0 47.0
a 37 6 0 250768.0 0.0
a 37 6 0 250768.0 0.0
a 37 28 0 250768.0 0.0
a 37 28 0 250768.0 0.0
a 37 34 0 250768.0 0.0
a 37 34 0 250768.0 0.0
a 37 41 0 769076.0 44.0
a 37 46 0 250768.0 1174.0
a 37 40 0 250768.0 302.0
a 37 39 0 250768.0 450.0
a 37 38 0 250768.0 586.0
a 37 38 0 250768.0 262.0
a 37 39 0 250768.0 283.0
a 37 40 0 250768.0 259.0
a 37 41 0 769076.0 45.0
a 37 46 0 250768.0 1170.0
a 37 6 0 250768.0 49617.0
a 37 28 0 250768.0 6060.0
a 37 34 0 250768.0 500816.0
a 37 34 0 250768.0 541999.0
a 37 28 0 250768.0 5835.0
a 37 6 0 250768.0 54326.0
a 37 38 0 250768.0 0.0
a 37 38 0 250768.0 0.0
a 37 39 0 250768.0 0.0
a 37 39 0 250768.0 0.0
a 37 40 0 250768.0 0.0
a 37 40 0 250768.0 0.0
a 37 41 0 769076.0 0.0
a 37 41 0 769076.0 0.0
a 37 46 0 250768.0 0.0
a 37 46 0 250768.0 0.0
a 38 11 0 250768.0 0.0
a 38 11 0 250768.0 0.0
a 38 13 0 250768.0 0.0
a 38 13 0 250768.0 0.0
a 38 37 0 250768.0 0.0
a 38 37 0 250768.0 0.0
a 38 41 0 769076.0 46.0
a 38 46 0 250768.0 1130.0
a 38 43 0 250768.0 32858.0
a 38 40 0 250768.0 312.0
a 38 39 0 250768.0 407.0
a 38 39 0 250768.0 305.0
a 38 40 0 250768.0 287.0
a 38 41 0 769076.0 46.0
a 38 43 0 250768.0 33752.0
a 38 46 0 250768.0 1116.0
a 38 11 0 250768.0 248549.0
a 38 13 0 250768.0 340563.0
a 38 37 0 250768.0 586.0
a 38 11 0 250768.0 242982.0
a 38 37 0 250768.0 262.0
a 38 13 0 250768.0 334827.0
a 38 39 0 250768.0 0.0
a 38 39 0 250768.0 0.0
a 38 40 0 250768.0 0.0
a 38 40 0 250768.0 0.0
a 38 41 0 769076.0 0.0
a 38 41 0 769076.0 0.0
a 38 43 0 250768.0 0.0
a 38 43 0 250768.0 0.0
a 38 46 0 250768.0 0.0
a 38 46 0 250768.0 0.0
a 39 1 0 250768.0 0.0
a 39 1 0 250768.0 0.0
a 39 16 0 250768.0 0.0
a 39 16 0 250768.0 0.0
a 39 37 0 250768.0 0.0
a 39 37 0 250768.0 0.0
a 39 38 0 250768.0 0.0
a 39 38 0 250768.0 0.0
a 39 41 0 769076.0 54.0
a 39 44 0 250768.0 28428.0
a 39 40 0 250768.0 492.0
a 39 40 0 250768.0 312.0
a 39 41 0 769076.0 55.0
a 39 44 0 250768.0 29989.0
a 39 1 0 250768.0 313616.0
a 39 16 0 250768.0 375835.0
a 39 37 0 250768.0 450.0
a 39 38 0 250768.0 407.0
a 39 38 0 250768.0 305.0
a 39 37 0 250768.0 283.0
a 39 16 0 250768.0 382966.0
a 39 1 0 250768.0 263927.0
a 39 40 0 250768.0 0.0
a 39 40 0 250768.0 0.0
a 39 41 0 769076.0 0.0
a 39 41 0 769076.0 0.0
a 39 44 0 250768.0 0.0
a 39 44 0 250768.0 0.0
a 40 19 0 250768.0 0.0
a 40 19 0 250768.0 0.0
a 40 29 0 250768.0 0.0
a 40 29 0 250768.0 0.0
a 40 37 0 250768.0 0.0
a 40 37 0 250768.0 0.0
a 40 38 0 250768.0 0.0
a 40 38 0 250768.0 0.0
a 40 39 0 250768.0 0.0
a 40 39 0 250768.0 0.0
a 40 41 0 769076.0 44.0
a 40 46 0 250768.0 1204.0
a 40 41 0 769076.0 45.0
a 40 46 0 250768.0 1135.0
a 40 19 0 250768.0 61167.0
a 40 29 0 250768.0 5890.0
a 40 37 0 250768.0 302.0
a 40 38 0 250768.0 312.0
a 40 39 0 250768.0 492.0
a 40 39 0 250768.0 312.0
a 40 38 0 250768.0 287.0
a 40 37 0 250768.0 259.0
a 40 29 0 250768.0 5860.0
a 40 19 0 250768.0 64908.0
a 40 41 0 769076.0 0.0
a 40 41 0 769076.0 0.0
a 40 46 0 250768.0 0.0
a 40 46 0 250768.0 0.0
a 41 37 0 769076.0 0.0
a 41 37 0 769076.0 0.0
a 41 38 0 769076.0 0.0
a 41 38 0 769076.0 0.0
a 41 39 0 769076.0 0.0
a 41 39 0 769076.0 0.0
a 41 40 0 769076.0 0.0
a 41 40 0 769076.0 0.0
a 41 37 0 769076.0 44.0
a 41 38 0 769076.0 46.0
a 41 39 0 769076.0 54.0
a 41 40 0 769076.0 44.0
a 41 40 0 769076.0 45.0
a 41 39 0 769076.0 55.0
a 41 38 0 769076.0 46.0
a 41 37 0 769076.0 45.0
a 42 0 0 250768.0 0.0
a 42 0 0 250768.0 0.0
a 42 14 0 250768.0 0.0
a 42 14 0 250768.0 0.0
a 42 0 0 250768.0 88292.0
a 42 14 0 250768.0 24568.0
a 42 14 0 250768.0 24762.0
a 42 0 0 250768.0 89204.0
a 43 27 0 250768.0 0.0
a 43 27 0 250768.0 0.0
a 43 29 0 250768.0 0.0
a 43 29 0 250768.0 0.0
a 43 38 0 250768.0 0.0
a 43 38 0 250768.0 0.0
a 43 27 0 250768.0 31888.0
a 43 29 0 250768.0 31477.0
a 43 38 0 250768.0 32858.0
a 43 38 0 250768.0 33752.0
a 43 29 0 250768.0 31848.0
a 43 27 0 250768.0 31802.0
a 44 30 0 250768.0 0.0
a 44 30 0 250768.0 0.0
a 44 32 0 250768.0 0.0
a 44 32 0 250768.0 0.0
a 44 39 0 250768.0 0.0
a 44 39 0 250768.0 0.0
a 44 30 0 250768.0 27239.0
a 44 32 0 250768.0 27062.0
a 44 39 0 250768.0 28428.0
a 44 39 0 250768.0 29989.0
a 44 32 0 250768.0 26040.0
a 44 30 0 250768.0 25941.0
a 45 17 0 250768.0 0.0
a 45 17 0 250768.0 0.0
a 45 34 0 250768.0 0.0
a 45 34 0 250768.0 0.0
a 45 17 0 250768.0 84371.0
a 45 34 0 250768.0 7777.0
a 45 34 0 250768.0 7814.0
a 45 17 0 250768.0 84795.0
a 46 28 0 250768.0 0.0
a 46 28 0 250768.0 0.0
a 46 31 0 250768.0 0.0
a 46 31 0 250768.0 0.0
a 46 37 0 250768.0 0.0
a 46 37 0 250768.0 0.0
a 46 38 0 250768.0 0.0
a 46 38 0 250768.0 0.0
a 46 40 0 250768.0 0.0
a 46 40 0 250768.0 0.0
a 46 28 0 250768.0 4710.0
a 46 31 0 250768.0 4893.0
a 46 37 0 250768.0 1174.0
a 46 38 0 250768.0 1130.0
a 46 40 0 250768.0 1204.0
a 46 40 0 250768.0 1135.0
a 46 38 0 250768.0 1116.0
a 46 37 0 250768.0 1170.0
a 46 31 0 250768.0 4764.0
a 46 28 0 250768.0 4756.0
a 47 14 0 250768.0 0.0
a 47 14 0 250768.0 0.0
a 47 24 0 250768.0 0.0
a 47 24 0 250768.0 0.0
a 47 25 0 250768.0 0.0
a 47 25 0 250768.0 0.0
a 47 26 0 769076.0 0.0
a 47 26 0 769076.0 0.0
a 47 48 0 250768.0 89.0
a 47 48 0 250768.0 89.0
a 47 14 0 250768.0 245856.0
a 47 24 0 250768.0 94.0
a 47 25 0 250768.0 115.0
a 47 26 0 769076.0 36.0
a 47 25 0 250768.0 110.0
a 47 24 0 250768.0 99.0
a 47 26 0 769076.0 36.0
a 47 14 0 250768.0 248219.0
a 47 48 0 250768.0 0.0
a 47 48 0 250768.0 0.0
a 48 24 0 250768.0 0.0
a 48 24 0 250768.0 0.0
a 48 25 0 250768.0 0.0
a 48 25 0 250768.0 0.0
a 48 26 0 769076.0 0.0
a 48 26 0 769076.0 0.0
a 48 35 0 250768.0 0.0
a 48 35 0 250768.0 0.0
a 48 47 0 250768.0 0.0
a 48 47 0 250768.0 0.0
a 48 24 0 250768.0 97.0
a 48 25 0 250768.0 134.0
a 48 26 0 769076.0 35.0
a 48 35 0 250768.0 125734.0
a 48 47 0 250768.0 89.0
a 48 47 0 250768.0 89.0
a 48 25 0 250768.0 99.0
a 48 24 0 250768.0 102.0
a 48 26 0 769076.0 36.0
a 48 35 0 250768.0 135861.0
