c 15100 msec
p min 49 520
n 4 -769158.0
n 5 118332.0
n 11 72314.0
n 14 26296.0
n 17 32870.0
n 22 59166.0
n 25 78888.0
n 32 118332.0
n 35 59166.0
n 40 59166.0
n 41 39444.0
n 42 46018.0
n 43 32870.0
n 44 19722.0
n 45 6574.0
a 0 4 0 769158.0 46.0
a 0 8 0 475125.0 96837.0
a 0 42 0 475125.0 115009.0
a 0 3 0 475125.0 185.0
a 0 2 0 475125.0 210.0
a 0 1 0 475125.0 228.0
a 0 1 0 475125.0 284.0
a 0 2 0 475125.0 230.0
a 0 3 0 475125.0 207.0
a 0 4 0 769158.0 47.0
a 0 8 0 475125.0 97970.0
a 0 42 0 475125.0 114803.0
a 1 4 0 769158.0 50.0
a 1 20 0 475125.0 399531.0
a 1 39 0 475125.0 346227.0
a 1 3 0 475125.0 255.0
a 1 2 0 475125.0 247.0
a 1 2 0 475125.0 278.0
a 1 3 0 475125.0 238.0
a 1 4 0 769158.0 50.0
a 1 20 0 475125.0 404202.0
a 1 39 0 475125.0 372900.0
a 1 0 0 475125.0 228.0
a 1 0 0 475125.0 284.0
a 2 4 0 769158.0 45.0
a 2 32 0 475125.0 354442.0
a 2 16 0 475125.0 147302.0
a 2 3 0 475125.0 177.0
a 2 3 0 475125.0 259.0
a 2 4 0 769158.0 45.0
a 2 16 0 475125.0 150297.0
a 2 32 0 475125.0 345300.0
a 2 0 0 475125.0 210.0
a 2 1 0 475125.0 247.0
a 2 1 0 475125.0 278.0
a 2 0 0 475125.0 230.0
a 3 14 0 475125.0 113568.0
a 3 4 0 769158.0 45.0
a 3 27 0 475125.0 340239.0
a 3 4 0 769158.0 45.0
a 3 14 0 475125.0 112036.0
a 3 27 0 475125.0 370402.0
a 3 0 0 475125.0 185.0
a 3 1 0 475125.0 255.0
a 3 2 0 475125.0 177.0
a 3 2 0 475125.0 259.0
a 3 1 0 475125.0 238.0
a 3 0 0 475125.0 207.0
a 4 0 0 769158.0 46.0
a 4 1 0 769158.0 50.0
a 4 2 0 769158.0 45.0
a 4 3 0 769158.0 45.0
a 4 3 0 769158.0 45.0
a 4 2 0 769158.0 45.0
a 4 1 0 769158.0 50.0
a 4 0 0 769158.0 47.0
a 5 7 0 769158.0 38.0
a 5 20 0 475125.0 19740.0
a 5 10 0 475125.0 353713.0
a 5 6 0 769158.0 258.0
a 5 6 0 769158.0 191.0
a 5 7 0 769158.0 38.0
a 5 10 0 475125.0 365857.0
a 5 20 0 475125.0 19739.0
a 6 7 0 769158.0 42.0
a 6 37 0 475125.0 64260.0
a 6 29 0 475125.0 66119.0
a 6 7 0 769158.0 42.0
a 6 29 0 475125.0 68330.0
a 6 37 0 475125.0 63086.0
a 6 5 0 769158.0 258.0
a 6 5 0 769158.0 191.0
a 7 5 0 769158.0 38.0
a 7 6 0 769158.0 42.0
a 7 6 0 769158.0 42.0
a 7 5 0 769158.0 38.0
a 8 12 0 769158.0 51.0
a 8 25 0 475125.0 446113.0
a 8 11 0 475125.0 576.0
a 8 10 0 475125.0 370.0
a 8 9 0 475125.0 222.0
a 8 9 0 475125.0 289.0
a 8 10 0 475125.0 260.0
a 8 11 0 475125.0 363.0
a 8 12 0 769158.0 51.0
a 8 25 0 475125.0 445002.0
a 8 0 0 475125.0 96837.0
a 8 0 0 475125.0 97970.0
a 9 12 0 769158.0 59.0
a 9 14 0 475125.0 129098.0
a 9 35 0 475125.0 280493.0
a 9 17 0 475125.0 171674.0
a 9 11 0 475125.0 565.0
a 9 10 0 475125.0 300.0
a 9 10 0 475125.0 360.0
a 9 11 0 475125.0 379.0
a 9 12 0 769158.0 60.0
a 9 14 0 475125.0 131434.0
a 9 17 0 475125.0 170568.0
a 9 35 0 475125.0 280669.0
a 9 8 0 475125.0 222.0
a 9 8 0 475125.0 289.0
a 10 11 0 475125.0 268.0
a 10 12 0 769158.0 57.0
a 10 28 0 475125.0 321051.0
a 10 11 0 475125.0 292.0
a 10 12 0 769158.0 58.0
a 10 28 0 475125.0 319908.0
a 10 5 0 475125.0 353713.0
a 10 8 0 475125.0 370.0
a 10 9 0 475125.0 300.0
a 10 9 0 475125.0 360.0
a 10 8 0 475125.0 260.0
a 10 5 0 475125.0 365857.0
a 11 38 0 475125.0 315524.0
a 11 12 0 769158.0 71.0
a 11 31 0 475125.0 318684.0
a 11 21 0 475125.0 382365.0
a 11 12 0 769158.0 72.0
a 11 21 0 475125.0 382055.0
a 11 31 0 475125.0 317134.0
a 11 38 0 475125.0 324496.0
a 11 8 0 475125.0 576.0
a 11 9 0 475125.0 565.0
a 11 10 0 475125.0 268.0
a 11 10 0 475125.0 292.0
a 11 9 0 475125.0 379.0
a 11 8 0 475125.0 363.0
a 12 8 0 769158.0 51.0
a 12 9 0 769158.0 59.0
a 12 10 0 769158.0 57.0
a 12 11 0 769158.0 71.0
a 12 11 0 769158.0 72.0
a 12 10 0 769158.0 58.0
a 12 9 0 769158.0 60.0
a 12 8 0 769158.0 51.0
a 13 35 0 475125.0 154742.0
a 13 15 0 769158.0 43.0
a 13 31 0 475125.0 444248.0
a 13 38 0 475125.0 445923.0
a 13 14 0 769158.0 280.0
a 13 14 0 769158.0 262.0
a 13 15 0 769158.0 44.0
a 13 31 0 475125.0 488295.0
a 13 35 0 475125.0 163004.0
a 13 38 0 475125.0 434575.0
a 14 47 0 475125.0 322338.0
a 14 42 0 475125.0 26589.0
a 14 15 0 769158.0 43.0
a 14 15 0 769158.0 44.0
a 14 42 0 475125.0 26862.0
a 14 47 0 475125.0 332089.0
a 14 3 0 475125.0 113568.0
a 14 9 0 475125.0 129098.0
a 14 13 0 769158.0 280.0
a 14 3 0 475125.0 112036.0
a 14 13 0 769158.0 262.0
a 14 9 0 475125.0 131434.0
a 15 13 0 769158.0 43.0
a 15 14 0 769158.0 43.0
a 15 14 0 769158.0 44.0
a 15 13 0 769158.0 44.0
a 16 18 0 769158.0 50.0
a 16 39 0 475125.0 494477.0
a 16 17 0 769158.0 302.0
a 16 17 0 769158.0 224.0
a 16 18 0 769158.0 51.0
a 16 39 0 475125.0 473310.0
a 16 2 0 475125.0 147302.0
a 16 2 0 475125.0 150297.0
a 17 18 0 769158.0 45.0
a 17 34 0 475125.0 114317.0
a 17 45 0 475125.0 115373.0
a 17 18 0 769158.0 47.0
a 17 34 0 475125.0 120980.0
a 17 45 0 475125.0 123074.0
a 17 9 0 475125.0 171674.0
a 17 16 0 769158.0 302.0
a 17 16 0 769158.0 224.0
a 17 9 0 475125.0 170568.0
a 18 16 0 769158.0 50.0
a 18 17 0 769158.0 45.0
a 18 17 0 769158.0 47.0
a 18 16 0 769158.0 51.0
a 19 23 0 769158.0 36.0
a 19 40 0 475125.0 75106.0
a 19 22 0 475125.0 102.0
a 19 21 0 475125.0 216.0
a 19 20 0 475125.0 216.0
a 19 20 0 475125.0 173.0
a 19 21 0 475125.0 238.0
a 19 22 0 475125.0 135.0
a 19 23 0 769158.0 37.0
a 19 40 0 475125.0 74190.0
a 20 23 0 769158.0 38.0
a 20 22 0 475125.0 232.0
a 20 21 0 475125.0 276.0
a 20 21 0 475125.0 200.0
a 20 22 0 475125.0 145.0
a 20 23 0 769158.0 38.0
a 20 1 0 475125.0 399531.0
a 20 5 0 475125.0 19740.0
a 20 19 0 475125.0 216.0
a 20 19 0 475125.0 173.0
a 20 5 0 475125.0 19739.0
a 20 1 0 475125.0 404202.0
a 21 23 0 769158.0 35.0
a 21 22 0 475125.0 248.0
a 21 22 0 475125.0 375.0
a 21 23 0 769158.0 36.0
a 21 11 0 475125.0 382365.0
a 21 19 0 475125.0 216.0
a 21 20 0 475125.0 276.0
a 21 20 0 475125.0 200.0
a 21 19 0 475125.0 238.0
a 21 11 0 475125.0 382055.0
a 22 23 0 769158.0 36.0
a 22 27 0 475125.0 76606.0
a 22 23 0 769158.0 37.0
a 22 27 0 475125.0 76796.0
a 22 19 0 475125.0 102.0
a 22 20 0 475125.0 232.0
a 22 21 0 475125.0 248.0
a 22 21 0 475125.0 375.0
a 22 20 0 475125.0 145.0
a 22 19 0 475125.0 135.0
a 23 19 0 769158.0 36.0
a 23 20 0 769158.0 38.0
a 23 21 0 769158.0 35.0
a 23 22 0 769158.0 36.0
a 23 22 0 769158.0 37.0
a 23 21 0 769158.0 36.0
a 23 20 0 769158.0 38.0
a 23 19 0 769158.0 37.0
a 24 25 0 475125.0 110.0
a 24 47 0 475125.0 90.0
a 24 48 0 475125.0 95.0
a 24 26 0 769158.0 40.0
a 24 30 0 475125.0 747307.0
a 24 25 0 475125.0 97.0
a 24 26 0 769158.0 39.0
a 24 30 0 475125.0 758666.0
a 24 47 0 475125.0 81.0
a 24 48 0 475125.0 95.0
a 25 47 0 475125.0 187.0
a 25 48 0 475125.0 123.0
a 25 26 0 769158.0 36.0
a 25 26 0 769158.0 37.0
a 25 47 0 475125.0 101.0
a 25 48 0 475125.0 96.0
a 25 8 0 475125.0 446113.0
a 25 24 0 475125.0 110.0
a 25 24 0 475125.0 97.0
a 25 8 0 475125.0 445002.0
a 26 47 0 769158.0 37.0
a 26 48 0 769158.0 36.0
a 26 47 0 769158.0 37.0
a 26 48 0 769158.0 36.0
a 26 24 0 769158.0 40.0
a 26 25 0 769158.0 36.0
a 26 25 0 769158.0 37.0
a 26 24 0 769158.0 39.0
a 27 33 0 769158.0 41.0
a 27 43 0 475125.0 39775.0
a 27 32 0 475125.0 207.0
a 27 31 0 475125.0 534.0
a 27 30 0 475125.0 297.0
a 27 29 0 475125.0 235.0
a 27 28 0 475125.0 277.0
a 27 28 0 475125.0 176.0
a 27 29 0 475125.0 257.0
a 27 30 0 475125.0 229.0
a 27 31 0 475125.0 278.0
a 27 32 0 475125.0 251.0
a 27 33 0 769158.0 41.0
a 27 43 0 475125.0 37590.0
a 27 3 0 475125.0 340239.0
a 27 22 0 475125.0 76606.0
a 27 22 0 475125.0 76796.0
a 27 3 0 475125.0 370402.0
a 28 33 0 769158.0 39.0
a 28 37 0 475125.0 6460.0
a 28 46 0 475125.0 5789.0
a 28 32 0 475125.0 287.0
a 28 31 0 475125.0 108.0
a 28 30 0 475125.0 782.0
a 28 29 0 475125.0 212.0
a 28 29 0 475125.0 218.0
a 28 30 0 475125.0 206.0
a 28 31 0 475125.0 123.0
a 28 32 0 475125.0 178.0
a 28 33 0 769158.0 39.0
a 28 37 0 475125.0 6991.0
a 28 46 0 475125.0 5650.0
a 28 10 0 475125.0 321051.0
a 28 27 0 475125.0 277.0
a 28 27 0 475125.0 176.0
a 28 10 0 475125.0 319908.0
a 29 33 0 769158.0 42.0
a 29 40 0 475125.0 6371.0
a 29 43 0 475125.0 37181.0
a 29 32 0 475125.0 225.0
a 29 31 0 475125.0 296.0
a 29 30 0 475125.0 701.0
a 29 30 0 475125.0 249.0
a 29 31 0 475125.0 249.0
a 29 32 0 475125.0 271.0
a 29 33 0 769158.0 42.0
a 29 40 0 475125.0 7597.0
a 29 43 0 475125.0 36905.0
a 29 6 0 475125.0 66119.0
a 29 27 0 475125.0 235.0
a 29 28 0 475125.0 212.0
a 29 28 0 475125.0 218.0
a 29 27 0 475125.0 257.0
a 29 6 0 475125.0 68330.0
a 30 33 0 769158.0 38.0
a 30 44 0 475125.0 31322.0
a 30 32 0 475125.0 237.0
a 30 31 0 475125.0 479.0
a 30 31 0 475125.0 296.0
a 30 32 0 475125.0 197.0
a 30 33 0 769158.0 39.0
a 30 44 0 475125.0 34353.0
a 30 24 0 475125.0 747307.0
a 30 27 0 475125.0 297.0
a 30 28 0 475125.0 782.0
a 30 29 0 475125.0 701.0
a 30 29 0 475125.0 249.0
a 30 28 0 475125.0 206.0
a 30 27 0 475125.0 229.0
a 30 24 0 475125.0 758666.0
a 31 33 0 769158.0 46.0
a 31 46 0 475125.0 6244.0
a 31 32 0 475125.0 429.0
a 31 32 0 475125.0 256.0
a 31 33 0 769158.0 47.0
a 31 46 0 475125.0 5676.0
a 31 11 0 475125.0 318684.0
a 31 13 0 475125.0 444248.0
a 31 27 0 475125.0 534.0
a 31 28 0 475125.0 108.0
a 31 29 0 475125.0 296.0
a 31 30 0 475125.0 479.0
a 31 30 0 475125.0 296.0
a 31 29 0 475125.0 249.0
a 31 28 0 475125.0 123.0
a 31 27 0 475125.0 278.0
a 31 13 0 475125.0 488295.0
a 31 11 0 475125.0 317134.0
a 32 33 0 769158.0 37.0
a 32 44 0 475125.0 31318.0
a 32 33 0 769158.0 37.0
a 32 44 0 475125.0 32012.0
a 32 2 0 475125.0 354442.0
a 32 27 0 475125.0 207.0
a 32 28 0 475125.0 287.0
a 32 29 0 475125.0 225.0
a 32 30 0 475125.0 237.0
a 32 31 0 475125.0 429.0
a 32 31 0 475125.0 256.0
a 32 30 0 475125.0 197.0
a 32 29 0 475125.0 271.0
a 32 28 0 475125.0 178.0
a 32 27 0 475125.0 251.0
a 32 2 0 475125.0 345300.0
a 33 27 0 769158.0 41.0
a 33 28 0 769158.0 39.0
a 33 29 0 769158.0 42.0
a 33 30 0 769158.0 38.0
a 33 31 0 769158.0 46.0
a 33 32 0 769158.0 37.0
a 33 32 0 769158.0 37.0
a 33 31 0 769158.0 47.0
a 33 30 0 769158.0 39.0
a 33 29 0 769158.0 42.0
a 33 28 0 769158.0 39.0
a 33 27 0 769158.0 41.0
a 34 37 0 475125.0 586121.0
a 34 36 0 769158.0 47.0
a 34 45 0 475125.0 7756.0
a 34 35 0 769158.0 337.0
a 34 35 0 769158.0 338.0
a 34 36 0 769158.0 47.0
a 34 37 0 475125.0 583062.0
a 34 45 0 475125.0 7733.0
a 34 17 0 475125.0 114317.0
a 34 17 0 475125.0 120980.0
a 35 48 0 475125.0 170222.0
a 35 36 0 769158.0 48.0
a 35 36 0 769158.0 49.0
a 35 48 0 475125.0 173195.0
a 35 9 0 475125.0 280493.0
a 35 13 0 475125.0 154742.0
a 35 34 0 769158.0 337.0
a 35 13 0 475125.0 163004.0
a 35 34 0 769158.0 338.0
a 35 9 0 475125.0 280669.0
a 36 34 0 769158.0 47.0
a 36 35 0 769158.0 48.0
a 36 35 0 769158.0 49.0
a 36 34 0 769158.0 47.0
a 37 41 0 769158.0 44.0
a 37 46 0 475125.0 1381.0
a 37 40 0 475125.0 316.0
a 37 39 0 475125.0 634.0
a 37 38 0 475125.0 862.0
a 37 38 0 475125.0 278.0
a 37 39 0 475125.0 322.0
a 37 40 0 475125.0 315.0
a 37 41 0 769158.0 46.0
a 37 46 0 475125.0 1372.0
a 37 6 0 475125.0 64260.0
a 37 28 0 475125.0 6460.0
a 37 34 0 475125.0 586121.0
a 37 34 0 475125.0 583062.0
a 37 28 0 475125.0 6991.0
a 37 6 0 475125.0 63086.0
a 38 41 0 769158.0 48.0
a 38 46 0 475125.0 1368.0
a 38 43 0 475125.0 38726.0
a 38 40 0 475125.0 322.0
a 38 39 0 475125.0 479.0
a 38 39 0 475125.0 396.0
a 38 40 0 475125.0 326.0
a 38 41 0 769158.0 48.0
a 38 43 0 475125.0 39060.0
a 38 46 0 475125.0 1370.0
a 38 11 0 475125.0 315524.0
a 38 13 0 475125.0 445923.0
a 38 37 0 475125.0 862.0
a 38 11 0 475125.0 324496.0
a 38 37 0 475125.0 278.0
a 38 13 0 475125.0 434575.0
a 39 41 0 769158.0 55.0
a 39 44 0 475125.0 36273.0
a 39 40 0 475125.0 445.0
a 39 40 0 475125.0 304.0
a 39 41 0 769158.0 55.0
a 39 44 0 475125.0 35639.0
a 39 1 0 475125.0 346227.0
a 39 16 0 475125.0 494477.0
a 39 37 0 475125.0 634.0
a 39 38 0 475125.0 479.0
a 39 38 0 475125.0 396.0
a 39 37 0 475125.0 322.0
a 39 16 0 475125.0 473310.0
a 39 1 0 475125.0 372900.0
a 40 41 0 769158.0 44.0
a 40 46 0 475125.0 1396.0
a 40 41 0 769158.0 44.0
a 40 46 0 475125.0 1393.0
a 40 19 0 475125.0 75106.0
a 40 29 0 475125.0 6371.0
a 40 37 0 475125.0 316.0
a 40 38 0 475125.0 322.0
a 40 39 0 475125.0 445.0
a 40 39 0 475125.0 304.0
a 40 38 0 475125.0 326.0
a 40 37 0 475125.0 315.0
a 40 29 0 475125.0 7597.0
a 40 19 0 475125.0 74190.0
a 41 37 0 769158.0 44.0
a 41 38 0 769158.0 48.0
a 41 39 0 769158.0 55.0
a 41 40 0 769158.0 44.0
a 41 40 0 769158.0 44.0
a 41 39 0 769158.0 55.0
a 41 38 0 769158.0 48.0
a 41 37 0 769158.0 46.0
a 42 0 0 475125.0 115009.0
a 42 14 0 475125.0 26589.0
a 42 14 0 475125.0 26862.0
a 42 0 0 475125.0 114803.0
a 43 27 0 475125.0 39775.0
a 43 29 0 475125.0 37181.0
a 43 38 0 475125.0 38726.0
a 43 38 0 475125.0 39060.0
a 43 29 0 475125.0 36905.0
a 43 27 0 475125.0 37590.0
a 44 30 0 475125.0 31322.0
a 44 32 0 475125.0 31318.0
a 44 39 0 475125.0 36273.0
a 44 39 0 475125.0 35639.0
a 44 32 0 475125.0 32012.0
a 44 30 0 475125.0 34353.0
a 45 17 0 475125.0 115373.0
a 45 34 0 475125.0 7756.0
a 45 34 0 475125.0 7733.0
a 45 17 0 475125.0 123074.0
a 46 28 0 475125.0 5789.0
a 46 31 0 475125.0 6244.0
a 46 37 0 475125.0 1381.0
a 46 38 0 475125.0 1368.0
a 46 40 0 475125.0 1396.0
a 46 40 0 475125.0 1393.0
a 46 38 0 475125.0 1370.0
a 46 37 0 475125.0 1372.0
a 46 31 0 475125.0 5676.0
a 46 28 0 475125.0 5650.0
a 47 48 0 475125.0 92.0
a 47 48 0 475125.0 90.0
a 47 14 0 475125.0 322338.0
a 47 24 0 475125.0 90.0
a 47 25 0 475125.0 187.0
a 47 26 0 769158.0 37.0
a 47 25 0 475125.0 101.0
a 47 24 0 475125.0 81.0
a 47 26 0 769158.0 37.0
a 47 14 0 475125.0 332089.0
a 48 24 0 475125.0 95.0
a 48 25 0 475125.0 123.0
a 48 26 0 769158.0 36.0
a 48 35 0 475125.0 170222.0
a 48 47 0 475125.0 92.0
a 48 47 0 475125.0 90.0
a 48 25 0 475125.0 96.0
a 48 24 0 475125.0 95.0
a 48 26 0 769158.0 36.0
a 48 35 0 475125.0 173195.0
