p min 49 520
n 23 -769128.0
n 24 15804.0
n 25 15804.0
n 27 36876.0
n 28 36876.0
n 29 36876.0
n 30 31608.0
n 31 31608.0
n 32 31608.0
n 34 36876.0
n 35 36876.0
n 37 47412.0
n 38 47412.0
n 39 47412.0
n 40 52680.0
n 42 15804.0
n 43 73752.0
n 44 63216.0
n 45 10536.0
n 46 68484.0
n 47 15804.0
n 48 15804.0
a 0 4 0 769128.0 1.0
a 0 8 0 376261.0 48506.0
a 0 42 0 376261.0 66079.0
a 0 3 0 376261.0 14.0
a 0 2 0 376261.0 16.0
a 0 1 0 376261.0 15.0
a 0 1 0 376261.0 20.0
a 0 2 0 376261.0 15.0
a 0 3 0 376261.0 18.0
a 0 4 0 769128.0 1.0
a 0 8 0 376261.0 46691.0
a 0 42 0 376261.0 65084.0
a 1 4 0 769128.0 2.0
a 1 20 0 376261.0 350211.0
a 1 39 0 376261.0 318666.0
a 1 3 0 376261.0 17.0
a 1 2 0 376261.0 18.0
a 1 2 0 376261.0 18.0
a 1 3 0 376261.0 19.0
a 1 4 0 769128.0 2.0
a 1 20 0 376261.0 388443.0
a 1 39 0 376261.0 332807.0
a 1 0 0 376261.0 15.0
a 1 0 0 376261.0 20.0
a 2 4 0 769128.0 1.0
a 2 32 0 376261.0 316524.0
a 2 16 0 376261.0 112355.0
a 2 3 0 376261.0 11.0
a 2 3 0 376261.0 12.0
a 2 4 0 769128.0 1.0
a 2 16 0 376261.0 116392.0
a 2 32 0 376261.0 327410.0
a 2 0 0 376261.0 16.0
a 2 1 0 376261.0 18.0
a 2 1 0 376261.0 18.0
a 2 0 0 376261.0 15.0
a 3 14 0 376261.0 64318.0
a 3 4 0 769128.0 1.0
a 3 27 0 376261.0 347809.0
a 3 4 0 769128.0 1.0
a 3 14 0 376261.0 62225.0
a 3 27 0 376261.0 324368.0
a 3 0 0 376261.0 14.0
a 3 1 0 376261.0 17.0
a 3 2 0 376261.0 11.0
a 3 2 0 376261.0 12.0
a 3 1 0 376261.0 19.0
a 3 0 0 376261.0 18.0
a 4 0 0 769128.0 1.0
a 4 1 0 769128.0 2.0
a 4 2 0 769128.0 1.0
a 4 3 0 769128.0 1.0
a 4 3 0 769128.0 1.0
a 4 2 0 769128.0 1.0
a 4 1 0 769128.0 2.0
a 4 0 0 769128.0 1.0
a 5 7 0 769128.0 1.0
a 5 20 0 376261.0 6928.0
a 5 10 0 376261.0 343699.0
a 5 6 0 752521.0 17.0
a 5 6 0 752521.0 17.0
a 5 7 0 769128.0 1.0
a 5 10 0 376261.0 306813.0
a 5 20 0 376261.0 7170.0
a 6 7 0 769128.0 1.0
a 6 37 0 376261.0 32151.0
a 6 29 0 376261.0 34616.0
a 6 7 0 769128.0 1.0
a 6 29 0 376261.0 35472.0
a 6 37 0 376261.0 32888.0
a 6 5 0 752521.0 17.0
a 6 5 0 752521.0 17.0
a 7 5 0 769128.0 1.0
a 7 6 0 769128.0 1.0
a 7 6 0 769128.0 1.0
a 7 5 0 769128.0 1.0
a 8 12 0 769128.0 2.0
a 8 25 0 376261.0 405595.0
a 8 11 0 376261.0 31.0
a 8 10 0 376261.0 33.0
a 8 9 0 376261.0 17.0
a 8 9 0 376261.0 19.0
a 8 10 0 376261.0 22.0
a 8 11 0 376261.0 24.0
a 8 12 0 769128.0 2.0
a 8 25 0 376261.0 401349.0
a 8 0 0 376261.0 48506.0
a 8 0 0 376261.0 46691.0
a 9 12 0 769128.0 2.0
a 9 14 0 376261.0 91841.0
a 9 35 0 376261.0 214064.0
a 9 17 0 376261.0 136587.0
a 9 11 0 376261.0 33.0
a 9 10 0 376261.0 35.0
a 9 10 0 376261.0 27.0
a 9 11 0 376261.0 25.0
a 9 12 0 769128.0 2.0
a 9 14 0 376261.0 91666.0
a 9 17 0 376261.0 133739.0
a 9 35 0 376261.0 216272.0
a 9 8 0 376261.0 17.0
a 9 8 0 376261.0 19.0
a 10 11 0 376261.0 16.0
a 10 12 0 769128.0 2.0
a 10 28 0 376261.0 307481.0
a 10 11 0 376261.0 14.0
a 10 12 0 769128.0 2.0
a 10 28 0 376261.0 309492.0
a 10 5 0 376261.0 343699.0
a 10 8 0 376261.0 33.0
a 10 9 0 376261.0 35.0
a 10 9 0 376261.0 27.0
a 10 8 0 376261.0 22.0
a 10 5 0 376261.0 306813.0
a 11 38 0 376261.0 322167.0
a 11 12 0 769128.0 3.0
a 11 31 0 376261.0 298806.0
a 11 21 0 376261.0 336963.0
a 11 12 0 769128.0 3.0
a 11 21 0 376261.0 343476.0
a 11 31 0 376261.0 318932.0
a 11 38 0 376261.0 331669.0
a 11 8 0 376261.0 31.0
a 11 9 0 376261.0 33.0
a 11 10 0 376261.0 16.0
a 11 10 0 376261.0 14.0
a 11 9 0 376261.0 25.0
a 11 8 0 376261.0 24.0
a 12 8 0 769128.0 2.0
a 12 9 0 769128.0 2.0
a 12 10 0 769128.0 2.0
a 12 11 0 769128.0 3.0
a 12 11 0 769128.0 3.0
a 12 10 0 769128.0 2.0
a 12 9 0 769128.0 2.0
a 12 8 0 769128.0 2.0
a 13 35 0 376261.0 124216.0
a 13 15 0 769128.0 1.0
a 13 31 0 376261.0 421710.0
a 13 38 0 376261.0 405825.0
a 13 14 0 752521.0 25.0
a 13 14 0 752521.0 20.0
a 13 15 0 769128.0 1.0
a 13 31 0 376261.0 444875.0
a 13 35 0 376261.0 123944.0
a 13 38 0 376261.0 380787.0
a 14 47 0 376261.0 326146.0
a 14 42 0 376261.0 10638.0
a 14 15 0 769128.0 1.0
a 14 15 0 769128.0 1.0
a 14 42 0 376261.0 10559.0
a 14 47 0 376261.0 290805.0
a 14 3 0 376261.0 64318.0
a 14 9 0 376261.0 91841.0
a 14 13 0 752521.0 25.0
a 14 3 0 376261.0 62225.0
a 14 13 0 752521.0 20.0
a 14 9 0 376261.0 91666.0
a 15 13 0 769128.0 1.0
a 15 14 0 769128.0 1.0
a 15 14 0 769128.0 1.0
a 15 13 0 769128.0 1.0
a 16 18 0 769128.0 2.0
a 16 39 0 376261.0 443453.0
a 16 17 0 752521.0 25.0
a 16 17 0 752521.0 13.0
a 16 18 0 769128.0 2.0
a 16 39 0 376261.0 438967.0
a 16 2 0 376261.0 112355.0
a 16 2 0 376261.0 116392.0
a 17 18 0 769128.0 1.0
a 17 34 0 376261.0 77998.0
a 17 45 0 376261.0 69757.0
a 17 18 0 769128.0 1.0
a 17 34 0 376261.0 74673.0
a 17 45 0 376261.0 75079.0
a 17 9 0 376261.0 136587.0
a 17 16 0 752521.0 25.0
a 17 16 0 752521.0 13.0
a 17 9 0 376261.0 133739.0
a 18 16 0 769128.0 2.0
a 18 17 0 769128.0 1.0
a 18 17 0 769128.0 1.0
a 18 16 0 769128.0 2.0
a 19 23 0 769128.0 1.0
a 19 40 0 376261.0 39432.0
a 19 22 0 376261.0 7.0
a 19 21 0 376261.0 14.0
a 19 20 0 376261.0 18.0
a 19 20 0 376261.0 9.0
a 19 21 0 376261.0 14.0
a 19 22 0 376261.0 7.0
a 19 23 0 769128.0 1.0
a 19 40 0 376261.0 39387.0
a 20 23 0 769128.0 1.0
a 20 22 0 376261.0 19.0
a 20 21 0 376261.0 23.0
a 20 21 0 376261.0 15.0
a 20 22 0 376261.0 12.0
a 20 23 0 769128.0 1.0
a 20 1 0 376261.0 350211.0
a 20 5 0 376261.0 6928.0
a 20 19 0 376261.0 18.0
a 20 19 0 376261.0 9.0
a 20 5 0 376261.0 7170.0
a 20 1 0 376261.0 388443.0
a 21 23 0 769128.0 1.0
a 21 22 0 376261.0 19.0
a 21 22 0 376261.0 20.0
a 21 23 0 769128.0 1.0
a 21 11 0 376261.0 336963.0
a 21 19 0 376261.0 14.0
a 21 20 0 376261.0 23.0
a 21 20 0 376261.0 15.0
a 21 19 0 376261.0 14.0
a 21 11 0 376261.0 343476.0
a 22 23 0 769128.0 1.0
a 22 27 0 376261.0 39477.0
a 22 23 0 769128.0 1.0
a 22 27 0 376261.0 40661.0
a 22 19 0 376261.0 7.0
a 22 20 0 376261.0 19.0
a 22 21 0 376261.0 19.0
a 22 21 0 376261.0 20.0
a 22 20 0 376261.0 12.0
a 22 19 0 376261.0 7.0
a 23 19 0 769128.0 1.0
a 23 20 0 769128.0 1.0
a 23 21 0 769128.0 1.0
a 23 22 0 769128.0 1.0
a 23 22 0 769128.0 1.0
a 23 21 0 769128.0 1.0
a 23 20 0 769128.0 1.0
a 23 19 0 769128.0 1.0
a 24 25 0 376261.0 10.0
a 24 47 0 376261.0 4.0
a 24 48 0 376261.0 4.0
a 24 26 0 769128.0 1.0
a 24 30 0 376261.0 706498.0
a 24 25 0 376261.0 7.0
a 24 26 0 769128.0 1.0
a 24 30 0 376261.0 758666.0
a 24 47 0 376261.0 4.0
a 24 48 0 376261.0 5.0
a 25 47 0 376261.0 6.0
a 25 48 0 376261.0 7.0
a 25 26 0 769128.0 1.0
a 25 26 0 769128.0 1.0
a 25 47 0 376261.0 5.0
a 25 48 0 376261.0 5.0
a 25 8 0 376261.0 405595.0
a 25 24 0 376261.0 10.0
a 25 24 0 376261.0 7.0
a 25 8 0 376261.0 401349.0
a 26 47 0 769128.0 1.0
a 26 48 0 769128.0 1.0
a 26 47 0 769128.0 1.0
a 26 48 0 769128.0 1.0
a 26 24 0 769128.0 1.0
a 26 25 0 769128.0 1.0
a 26 25 0 769128.0 1.0
a 26 24 0 769128.0 1.0
a 27 33 0 769128.0 1.0
a 27 43 0 376261.0 15492.0
a 27 32 0 376261.0 14.0
a 27 31 0 376261.0 22.0
a 27 30 0 376261.0 20.0
a 27 29 0 376261.0 24.0
a 27 28 0 376261.0 20.0
a 27 28 0 376261.0 12.0
a 27 29 0 376261.0 13.0
a 27 30 0 376261.0 13.0
a 27 31 0 376261.0 14.0
a 27 32 0 376261.0 13.0
a 27 33 0 769128.0 1.0
a 27 43 0 376261.0 16119.0
a 27 3 0 376261.0 347809.0
a 27 22 0 376261.0 39477.0
a 27 22 0 376261.0 40661.0
a 27 3 0 376261.0 324368.0
a 28 33 0 769128.0 1.0
a 28 37 0 376261.0 1373.0
a 28 46 0 376261.0 1290.0
a 28 32 0 376261.0 18.0
a 28 31 0 376261.0 6.0
a 28 30 0 376261.0 46.0
a 28 29 0 376261.0 17.0
a 28 29 0 376261.0 12.0
a 28 30 0 376261.0 17.0
a 28 31 0 376261.0 7.0
a 28 32 0 376261.0 16.0
a 28 33 0 769128.0 1.0
a 28 37 0 376261.0 1547.0
a 28 46 0 376261.0 1211.0
a 28 10 0 376261.0 307481.0
a 28 27 0 376261.0 20.0
a 28 27 0 376261.0 12.0
a 28 10 0 376261.0 309492.0
a 29 33 0 769128.0 1.0
a 29 40 0 376261.0 1406.0
a 29 43 0 376261.0 15248.0
a 29 32 0 376261.0 18.0
a 29 31 0 376261.0 18.0
a 29 30 0 376261.0 30.0
a 29 30 0 376261.0 19.0
a 29 31 0 376261.0 17.0
a 29 32 0 376261.0 16.0
a 29 33 0 769128.0 1.0
a 29 40 0 376261.0 1385.0
a 29 43 0 376261.0 15747.0
a 29 6 0 376261.0 34616.0
a 29 27 0 376261.0 24.0
a 29 28 0 376261.0 17.0
a 29 28 0 376261.0 12.0
a 29 27 0 376261.0 13.0
a 29 6 0 376261.0 35472.0
a 30 33 0 769128.0 1.0
a 30 44 0 376261.0 11864.0
a 30 32 0 376261.0 19.0
a 30 31 0 376261.0 25.0
a 30 31 0 376261.0 20.0
a 30 32 0 376261.0 19.0
a 30 33 0 769128.0 1.0
a 30 44 0 376261.0 12231.0
a 30 24 0 376261.0 706498.0
a 30 27 0 376261.0 20.0
a 30 28 0 376261.0 46.0
a 30 29 0 376261.0 30.0
a 30 29 0 376261.0 19.0
a 30 28 0 376261.0 17.0
a 30 27 0 376261.0 13.0
a 30 24 0 376261.0 758666.0
a 31 33 0 769128.0 1.0
a 31 46 0 376261.0 1235.0
a 31 32 0 376261.0 26.0
a 31 32 0 376261.0 20.0
a 31 33 0 769128.0 1.0
a 31 46 0 376261.0 1245.0
a 31 11 0 376261.0 298806.0
a 31 13 0 376261.0 421710.0
a 31 27 0 376261.0 22.0
a 31 28 0 376261.0 6.0
a 31 29 0 376261.0 18.0
a 31 30 0 376261.0 25.0
a 31 30 0 376261.0 20.0
a 31 29 0 376261.0 17.0
a 31 28 0 376261.0 7.0
a 31 27 0 376261.0 14.0
a 31 13 0 376261.0 444875.0
a 31 11 0 376261.0 318932.0
a 32 33 0 769128.0 1.0
a 32 44 0 376261.0 12272.0
a 32 33 0 769128.0 1.0
a 32 44 0 376261.0 11914.0
a 32 2 0 376261.0 316524.0
a 32 27 0 376261.0 14.0
a 32 28 0 376261.0 18.0
a 32 29 0 376261.0 18.0
a 32 30 0 376261.0 19.0
a 32 31 0 376261.0 26.0
a 32 31 0 376261.0 20.0
a 32 30 0 376261.0 19.0
a 32 29 0 376261.0 16.0
a 32 28 0 376261.0 16.0
a 32 27 0 376261.0 13.0
a 32 2 0 376261.0 327410.0
a 33 27 0 769128.0 1.0
a 33 28 0 769128.0 1.0
a 33 29 0 769128.0 1.0
a 33 30 0 769128.0 1.0
a 33 31 0 769128.0 1.0
a 33 32 0 769128.0 1.0
a 33 32 0 769128.0 1.0
a 33 31 0 769128.0 1.0
a 33 30 0 769128.0 1.0
a 33 29 0 769128.0 1.0
a 33 28 0 769128.0 1.0
a 33 27 0 769128.0 1.0
a 34 37 0 376261.0 547212.0
a 34 36 0 769128.0 1.0
a 34 45 0 376261.0 1772.0
a 34 35 0 752521.0 24.0
a 34 35 0 752521.0 17.0
a 34 36 0 769128.0 1.0
a 34 37 0 376261.0 592508.0
a 34 45 0 376261.0 1923.0
a 34 17 0 376261.0 77998.0
a 34 17 0 376261.0 74673.0
a 35 48 0 376261.0 146254.0
a 35 36 0 769128.0 1.0
a 35 36 0 769128.0 2.0
a 35 48 0 376261.0 146829.0
a 35 9 0 376261.0 214064.0
a 35 13 0 376261.0 124216.0
a 35 34 0 752521.0 24.0
a 35 13 0 376261.0 123944.0
a 35 34 0 752521.0 17.0
a 35 9 0 376261.0 216272.0
a 36 34 0 769128.0 1.0
a 36 35 0 769128.0 1.0
a 36 35 0 769128.0 2.0
a 36 34 0 769128.0 1.0
a 37 41 0 769128.0 1.0
a 37 46 0 376261.0 166.0
a 37 40 0 376261.0 22.0
a 37 39 0 376261.0 38.0
a 37 38 0 376261.0 55.0
a 37 38 0 376261.0 16.0
a 37 39 0 376261.0 17.0
a 37 40 0 376261.0 16.0
a 37 41 0 769128.0 1.0
a 37 46 0 376261.0 193.0
a 37 6 0 376261.0 32151.0
a 37 28 0 376261.0 1373.0
a 37 34 0 376261.0 547212.0
a 37 34 0 376261.0 592508.0
a 37 28 0 376261.0 1547.0
a 37 6 0 376261.0 32888.0
a 38 41 0 769128.0 1.0
a 38 46 0 376261.0 198.0
a 38 43 0 376261.0 16661.0
a 38 40 0 376261.0 22.0
a 38 39 0 376261.0 33.0
a 38 39 0 376261.0 22.0
a 38 40 0 376261.0 20.0
a 38 41 0 769128.0 1.0
a 38 43 0 376261.0 15567.0
a 38 46 0 376261.0 181.0
a 38 11 0 376261.0 322167.0
a 38 13 0 376261.0 405825.0
a 38 37 0 376261.0 55.0
a 38 11 0 376261.0 331669.0
a 38 37 0 376261.0 16.0
a 38 13 0 376261.0 380787.0
a 39 41 0 769128.0 2.0
a 39 44 0 376261.0 12908.0
a 39 40 0 376261.0 41.0
a 39 40 0 376261.0 23.0
a 39 41 0 769128.0 2.0
a 39 44 0 376261.0 13299.0
a 39 1 0 376261.0 318666.0
a 39 16 0 376261.0 443453.0
a 39 37 0 376261.0 38.0
a 39 38 0 376261.0 33.0
a 39 38 0 376261.0 22.0
a 39 37 0 376261.0 17.0
a 39 16 0 376261.0 438967.0
a 39 1 0 376261.0 332807.0
a 40 41 0 769128.0 1.0
a 40 46 0 376261.0 177.0
a 40 41 0 769128.0 1.0
a 40 46 0 376261.0 172.0
a 40 19 0 376261.0 39432.0
a 40 29 0 376261.0 1406.0
a 40 37 0 376261.0 22.0
a 40 38 0 376261.0 22.0
a 40 39 0 376261.0 41.0
a 40 39 0 376261.0 23.0
a 40 38 0 376261.0 20.0
a 40 37 0 376261.0 16.0
a 40 29 0 376261.0 1385.0
a 40 19 0 376261.0 39387.0
a 41 37 0 769128.0 1.0
a 41 38 0 769128.0 1.0
a 41 39 0 769128.0 2.0
a 41 40 0 769128.0 1.0
a 41 40 0 769128.0 1.0
a 41 39 0 769128.0 2.0
a 41 38 0 769128.0 1.0
a 41 37 0 769128.0 1.0
a 42 0 0 376261.0 66079.0
a 42 14 0 376261.0 10638.0
a 42 14 0 376261.0 10559.0
a 42 0 0 376261.0 65084.0
a 43 27 0 376261.0 15492.0
a 43 29 0 376261.0 15248.0
a 43 38 0 376261.0 16661.0
a 43 38 0 376261.0 15567.0
a 43 29 0 376261.0 15747.0
a 43 27 0 376261.0 16119.0
a 44 30 0 376261.0 11864.0
a 44 32 0 376261.0 12272.0
a 44 39 0 376261.0 12908.0
a 44 39 0 376261.0 13299.0
a 44 32 0 376261.0 11914.0
a 44 30 0 376261.0 12231.0
a 45 17 0 376261.0 69757.0
a 45 34 0 376261.0 1772.0
a 45 34 0 376261.0 1923.0
a 45 17 0 376261.0 75079.0
a 46 28 0 376261.0 1290.0
a 46 31 0 376261.0 1235.0
a 46 37 0 376261.0 166.0
a 46 38 0 376261.0 198.0
a 46 40 0 376261.0 177.0
a 46 40 0 376261.0 172.0
a 46 38 0 376261.0 181.0
a 46 37 0 376261.0 193.0
a 46 31 0 376261.0 1245.0
a 46 28 0 376261.0 1211.0
a 47 48 0 376261.0 4.0
a 47 48 0 376261.0 4.0
a 47 14 0 376261.0 326146.0
a 47 24 0 376261.0 4.0
a 47 25 0 376261.0 6.0
a 47 26 0 769128.0 1.0
a 47 25 0 376261.0 5.0
a 47 24 0 376261.0 4.0
a 47 26 0 769128.0 1.0
a 47 14 0 376261.0 290805.0
a 48 24 0 376261.0 4.0
a 48 25 0 376261.0 7.0
a 48 26 0 769128.0 1.0
a 48 35 0 376261.0 146254.0
a 48 47 0 376261.0 4.0
a 48 47 0 376261.0 4.0
a 48 25 0 376261.0 5.0
a 48 24 0 376261.0 5.0
a 48 26 0 769128.0 1.0
a 48 35 0 376261.0 146829.0
