p min 49 520
n 12 -768912.0
n 13 9960.0
n 14 7968.0
n 16 27888.0
n 17 27888.0
n 19 23904.0
n 20 23904.0
n 21 25896.0
n 22 25896.0
n 24 11952.0
n 25 13944.0
n 27 21912.0
n 28 21912.0
n 29 21912.0
n 30 23904.0
n 31 23904.0
n 32 23904.0
n 34 23904.0
n 35 21912.0
n 37 45816.0
n 38 45816.0
n 39 45816.0
n 40 45816.0
n 42 11952.0
n 43 69720.0
n 44 39840.0
n 45 5976.0
n 46 49800.0
n 47 13944.0
n 48 11952.0
a 0 4 0 768912.0 1.0
a 0 8 0 144312.0 48627.0
a 0 42 0 144312.0 60988.0
a 0 3 0 144312.0 10.0
a 0 2 0 144312.0 12.0
a 0 1 0 144312.0 14.0
a 0 1 0 144312.0 18.0
a 0 2 0 144312.0 14.0
a 0 3 0 144312.0 12.0
a 0 4 0 768912.0 1.0
a 0 8 0 144312.0 47123.0
a 0 42 0 144312.0 60973.0
a 1 4 0 768912.0 2.0
a 1 20 0 144312.0 321997.0
a 1 39 0 144312.0 268472.0
a 1 3 0 144312.0 16.0
a 1 2 0 144312.0 15.0
a 1 2 0 144312.0 18.0
a 1 3 0 144312.0 15.0
a 1 4 0 768912.0 2.0
a 1 20 0 144312.0 310909.0
a 1 39 0 144312.0 265866.0
a 1 0 0 144312.0 14.0
a 1 0 0 144312.0 18.0
a 2 4 0 768912.0 1.0
a 2 32 0 144312.0 263079.0
a 2 16 0 144312.0 86560.0
a 2 3 0 144312.0 10.0
a 2 3 0 144312.0 17.0
a 2 4 0 768912.0 1.0
a 2 16 0 144312.0 92773.0
a 2 32 0 144312.0 258942.0
a 2 0 0 144312.0 12.0
a 2 1 0 144312.0 15.0
a 2 1 0 144312.0 18.0
a 2 0 0 144312.0 14.0
a 3 14 0 144312.0 60663.0
a 3 4 0 768912.0 1.0
a 3 27 0 144312.0 266295.0
a 3 4 0 768912.0 1.0
a 3 14 0 144312.0 57861.0
a 3 27 0 144312.0 290613.0
a 3 0 0 144312.0 10.0
a 3 1 0 144312.0 16.0
a 3 2 0 144312.0 10.0
a 3 2 0 144312.0 17.0
a 3 1 0 144312.0 15.0
a 3 0 0 144312.0 12.0
a 4 0 0 768912.0 1.0
a 4 1 0 768912.0 2.0
a 4 2 0 768912.0 1.0
a 4 3 0 768912.0 1.0
a 4 3 0 768912.0 1.0
a 4 2 0 768912.0 1.0
a 4 1 0 768912.0 2.0
a 4 0 0 768912.0 1.0
a 5 7 0 768912.0 1.0
a 5 20 0 144312.0 5562.0
a 5 10 0 144312.0 279489.0
a 5 6 0 288624.0 16.0
a 5 6 0 288624.0 11.0
a 5 7 0 768912.0 1.0
a 5 10 0 144312.0 281676.0
a 5 20 0 144312.0 5499.0
a 6 7 0 768912.0 1.0
a 6 37 0 144312.0 26388.0
a 6 29 0 144312.0 28419.0
a 6 7 0 768912.0 1.0
a 6 29 0 144312.0 27916.0
a 6 37 0 144312.0 27634.0
a 6 5 0 288624.0 16.0
a 6 5 0 288624.0 11.0
a 7 5 0 768912.0 1.0
a 7 6 0 768912.0 1.0
a 7 6 0 768912.0 1.0
a 7 5 0 768912.0 1.0
a 8 12 0 768912.0 2.0
a 8 25 0 144312.0 357157.0
a 8 11 0 144312.0 46.0
a 8 10 0 144312.0 26.0
a 8 9 0 144312.0 13.0
a 8 9 0 144312.0 19.0
a 8 10 0 144312.0 16.0
a 8 11 0 144312.0 26.0
a 8 12 0 768912.0 2.0
a 8 25 0 144312.0 357191.0
a 8 0 0 144312.0 48627.0
a 8 0 0 144312.0 47123.0
a 9 12 0 768912.0 2.0
a 9 14 0 144312.0 65136.0
a 9 35 0 144312.0 187421.0
a 9 17 0 144312.0 98957.0
a 9 11 0 144312.0 49.0
a 9 10 0 144312.0 20.0
a 9 10 0 144312.0 26.0
a 9 11 0 144312.0 28.0
a 9 12 0 768912.0 2.0
a 9 14 0 144312.0 69081.0
a 9 17 0 144312.0 99001.0
a 9 35 0 144312.0 190751.0
a 9 8 0 144312.0 13.0
a 9 8 0 144312.0 19.0
a 10 11 0 144312.0 17.0
a 10 12 0 768912.0 2.0
a 10 28 0 144312.0 229319.0
a 10 11 0 144312.0 19.0
a 10 12 0 768912.0 2.0
a 10 28 0 144312.0 230863.0
a 10 5 0 144312.0 279489.0
a 10 8 0 144312.0 26.0
a 10 9 0 144312.0 20.0
a 10 9 0 144312.0 26.0
a 10 8 0 144312.0 16.0
a 10 5 0 144312.0 281676.0
a 11 38 0 144312.0 235436.0
a 11 12 0 768912.0 3.0
a 11 31 0 144312.0 231722.0
a 11 21 0 144312.0 298275.0
a 11 12 0 768912.0 3.0
a 11 21 0 144312.0 289314.0
a 11 31 0 144312.0 230061.0
a 11 38 0 144312.0 231161.0
a 11 8 0 144312.0 46.0
a 11 9 0 144312.0 49.0
a 11 10 0 144312.0 17.0
a 11 10 0 144312.0 19.0
a 11 9 0 144312.0 28.0
a 11 8 0 144312.0 26.0
a 12 8 0 768912.0 2.0
a 12 9 0 768912.0 2.0
a 12 10 0 768912.0 2.0
a 12 11 0 768912.0 3.0
a 12 11 0 768912.0 3.0
a 12 10 0 768912.0 2.0
a 12 9 0 768912.0 2.0
a 12 8 0 768912.0 2.0
a 13 35 0 144312.0 89033.0
a 13 15 0 768912.0 1.0
a 13 31 0 144312.0 335378.0
a 13 38 0 144312.0 349873.0
a 13 14 0 288624.0 18.0
a 13 14 0 288624.0 15.0
a 13 15 0 768912.0 1.0
a 13 31 0 144312.0 347348.0
a 13 35 0 144312.0 88740.0
a 13 38 0 144312.0 354710.0
a 14 47 0 144312.0 231402.0
a 14 42 0 144312.0 8448.0
a 14 15 0 768912.0 1.0
a 14 15 0 768912.0 1.0
a 14 42 0 144312.0 8290.0
a 14 47 0 144312.0 240458.0
a 14 3 0 144312.0 60663.0
a 14 9 0 144312.0 65136.0
a 14 13 0 288624.0 18.0
a 14 3 0 144312.0 57861.0
a 14 13 0 288624.0 15.0
a 14 9 0 144312.0 69081.0
a 15 13 0 768912.0 1.0
a 15 14 0 768912.0 1.0
a 15 14 0 768912.0 1.0
a 15 13 0 768912.0 1.0
a 16 18 0 768912.0 2.0
a 16 39 0 144312.0 413062.0
a 16 17 0 288624.0 20.0
a 16 17 0 288624.0 13.0
a 16 18 0 768912.0 2.0
a 16 39 0 144312.0 397186.0
a 16 2 0 144312.0 86560.0
a 16 2 0 144312.0 92773.0
a 17 18 0 768912.0 1.0
a 17 34 0 144312.0 62534.0
a 17 45 0 144312.0 63050.0
a 17 18 0 768912.0 1.0
a 17 34 0 144312.0 58903.0
a 17 45 0 144312.0 63095.0
a 17 9 0 144312.0 98957.0
a 17 16 0 288624.0 20.0
a 17 16 0 288624.0 13.0
a 17 9 0 144312.0 99001.0
a 18 16 0 768912.0 2.0
a 18 17 0 768912.0 1.0
a 18 17 0 768912.0 1.0
a 18 16 0 768912.0 2.0
a 19 23 0 768912.0 1.0
a 19 40 0 144312.0 34388.0
a 19 22 0 144312.0 5.0
a 19 21 0 144312.0 13.0
a 19 20 0 144312.0 13.0
a 19 20 0 144312.0 9.0
a 19 21 0 144312.0 15.0
a 19 22 0 144312.0 7.0
a 19 23 0 768912.0 1.0
a 19 40 0 144312.0 33839.0
a 20 23 0 768912.0 1.0
a 20 22 0 144312.0 14.0
a 20 21 0 144312.0 18.0
a 20 21 0 144312.0 11.0
a 20 22 0 144312.0 7.0
a 20 23 0 768912.0 1.0
a 20 1 0 144312.0 321997.0
a 20 5 0 144312.0 5562.0
a 20 19 0 144312.0 13.0
a 20 19 0 144312.0 9.0
a 20 5 0 144312.0 5499.0
a 20 1 0 144312.0 310909.0
a 21 23 0 768912.0 1.0
a 21 22 0 144312.0 16.0
a 21 22 0 144312.0 28.0
a 21 23 0 768912.0 1.0
a 21 11 0 144312.0 298275.0
a 21 19 0 144312.0 13.0
a 21 20 0 144312.0 18.0
a 21 20 0 144312.0 11.0
a 21 19 0 144312.0 15.0
a 21 11 0 144312.0 289314.0
a 22 23 0 768912.0 1.0
a 22 27 0 144312.0 35123.0
a 22 23 0 768912.0 1.0
a 22 27 0 144312.0 34711.0
a 22 19 0 144312.0 5.0
a 22 20 0 144312.0 14.0
a 22 21 0 144312.0 16.0
a 22 21 0 144312.0 28.0
a 22 20 0 144312.0 7.0
a 22 19 0 144312.0 7.0
a 23 19 0 768912.0 1.0
a 23 20 0 768912.0 1.0
a 23 21 0 768912.0 1.0
a 23 22 0 768912.0 1.0
a 23 22 0 768912.0 1.0
a 23 21 0 768912.0 1.0
a 23 20 0 768912.0 1.0
a 23 19 0 768912.0 1.0
a 24 25 0 144312.0 5.0
a 24 47 0 144312.0 4.0
a 24 48 0 144312.0 4.0
a 24 26 0 768912.0 1.0
a 24 30 0 144312.0 742626.0
a 24 25 0 144312.0 4.0
a 24 26 0 768912.0 1.0
a 24 30 0 144312.0 758666.0
a 24 47 0 144312.0 3.0
a 24 48 0 144312.0 4.0
a 25 47 0 144312.0 11.0
a 25 48 0 144312.0 6.0
a 25 26 0 768912.0 1.0
a 25 26 0 768912.0 1.0
a 25 47 0 144312.0 5.0
a 25 48 0 144312.0 4.0
a 25 8 0 144312.0 357157.0
a 25 24 0 144312.0 5.0
a 25 24 0 144312.0 4.0
a 25 8 0 144312.0 357191.0
a 26 47 0 768912.0 1.0
a 26 48 0 768912.0 1.0
a 26 47 0 768912.0 1.0
a 26 48 0 768912.0 1.0
a 26 24 0 768912.0 1.0
a 26 25 0 768912.0 1.0
a 26 25 0 768912.0 1.0
a 26 24 0 768912.0 1.0
a 27 33 0 768912.0 1.0
a 27 43 0 144312.0 13279.0
a 27 32 0 144312.0 12.0
a 27 31 0 144312.0 43.0
a 27 30 0 144312.0 21.0
a 27 29 0 144312.0 15.0
a 27 28 0 144312.0 18.0
a 27 28 0 144312.0 10.0
a 27 29 0 144312.0 17.0
a 27 30 0 144312.0 14.0
a 27 31 0 144312.0 18.0
a 27 32 0 144312.0 16.0
a 27 33 0 768912.0 1.0
a 27 43 0 144312.0 14072.0
a 27 3 0 144312.0 266295.0
a 27 22 0 144312.0 35123.0
a 27 22 0 144312.0 34711.0
a 27 3 0 144312.0 290613.0
a 28 33 0 768912.0 1.0
a 28 37 0 144312.0 1442.0
a 28 46 0 144312.0 1467.0
a 28 32 0 144312.0 19.0
a 28 31 0 144312.0 5.0
a 28 30 0 144312.0 75.0
a 28 29 0 144312.0 13.0
a 28 29 0 144312.0 13.0
a 28 30 0 144312.0 13.0
a 28 31 0 144312.0 6.0
a 28 32 0 144312.0 10.0
a 28 33 0 768912.0 1.0
a 28 37 0 144312.0 1301.0
a 28 46 0 144312.0 968.0
a 28 10 0 144312.0 229319.0
a 28 27 0 144312.0 18.0
a 28 27 0 144312.0 10.0
a 28 10 0 144312.0 230863.0
a 29 33 0 768912.0 1.0
a 29 40 0 144312.0 1239.0
a 29 43 0 144312.0 13489.0
a 29 32 0 144312.0 14.0
a 29 31 0 144312.0 20.0
a 29 30 0 144312.0 65.0
a 29 30 0 144312.0 16.0
a 29 31 0 144312.0 16.0
a 29 32 0 144312.0 18.0
a 29 33 0 768912.0 1.0
a 29 40 0 144312.0 1354.0
a 29 43 0 144312.0 13435.0
a 29 6 0 144312.0 28419.0
a 29 27 0 144312.0 15.0
a 29 28 0 144312.0 13.0
a 29 28 0 144312.0 13.0
a 29 27 0 144312.0 17.0
a 29 6 0 144312.0 27916.0
a 30 33 0 768912.0 1.0
a 30 44 0 144312.0 10955.0
a 30 32 0 144312.0 15.0
a 30 31 0 144312.0 39.0
a 30 31 0 144312.0 20.0
a 30 32 0 144312.0 12.0
a 30 33 0 768912.0 1.0
a 30 44 0 144312.0 11696.0
a 30 24 0 144312.0 742626.0
a 30 27 0 144312.0 21.0
a 30 28 0 144312.0 75.0
a 30 29 0 144312.0 65.0
a 30 29 0 144312.0 16.0
a 30 28 0 144312.0 13.0
a 30 27 0 144312.0 14.0
a 30 24 0 144312.0 758666.0
a 31 33 0 768912.0 1.0
a 31 46 0 144312.0 1188.0
a 31 32 0 144312.0 32.0
a 31 32 0 144312.0 16.0
a 31 33 0 768912.0 1.0
a 31 46 0 144312.0 1132.0
a 31 11 0 144312.0 231722.0
a 31 13 0 144312.0 335378.0
a 31 27 0 144312.0 43.0
a 31 28 0 144312.0 5.0
a 31 29 0 144312.0 20.0
a 31 30 0 144312.0 39.0
a 31 30 0 144312.0 20.0
a 31 29 0 144312.0 16.0
a 31 28 0 144312.0 6.0
a 31 27 0 144312.0 18.0
a 31 13 0 144312.0 347348.0
a 31 11 0 144312.0 230061.0
a 32 33 0 768912.0 1.0
a 32 44 0 144312.0 10893.0
a 32 33 0 768912.0 1.0
a 32 44 0 144312.0 11117.0
a 32 2 0 144312.0 263079.0
a 32 27 0 144312.0 12.0
a 32 28 0 144312.0 19.0
a 32 29 0 144312.0 14.0
a 32 30 0 144312.0 15.0
a 32 31 0 144312.0 32.0
a 32 31 0 144312.0 16.0
a 32 30 0 144312.0 12.0
a 32 29 0 144312.0 18.0
a 32 28 0 144312.0 10.0
a 32 27 0 144312.0 16.0
a 32 2 0 144312.0 258942.0
a 33 27 0 768912.0 1.0
a 33 28 0 768912.0 1.0
a 33 29 0 768912.0 1.0
a 33 30 0 768912.0 1.0
a 33 31 0 768912.0 1.0
a 33 32 0 768912.0 1.0
a 33 32 0 768912.0 1.0
a 33 31 0 768912.0 1.0
a 33 30 0 768912.0 1.0
a 33 29 0 768912.0 1.0
a 33 28 0 768912.0 1.0
a 33 27 0 768912.0 1.0
a 34 37 0 144312.0 522326.0
a 34 36 0 768912.0 1.0
a 34 45 0 144312.0 1639.0
a 34 35 0 288624.0 24.0
a 34 35 0 288624.0 21.0
a 34 36 0 768912.0 1.0
a 34 37 0 144312.0 525920.0
a 34 45 0 144312.0 1637.0
a 34 17 0 144312.0 62534.0
a 34 17 0 144312.0 58903.0
a 35 48 0 144312.0 101534.0
a 35 36 0 768912.0 1.0
a 35 36 0 768912.0 1.0
a 35 48 0 144312.0 101634.0
a 35 9 0 144312.0 187421.0
a 35 13 0 144312.0 89033.0
a 35 34 0 288624.0 24.0
a 35 13 0 144312.0 88740.0
a 35 34 0 288624.0 21.0
a 35 9 0 144312.0 190751.0
a 36 34 0 768912.0 1.0
a 36 35 0 768912.0 1.0
a 36 35 0 768912.0 1.0
a 36 34 0 768912.0 1.0
a 37 41 0 768912.0 1.0
a 37 46 0 144312.0 166.0
a 37 40 0 144312.0 22.0
a 37 39 0 144312.0 54.0
a 37 38 0 144312.0 85.0
a 37 38 0 144312.0 18.0
a 37 39 0 144312.0 22.0
a 37 40 0 144312.0 22.0
a 37 41 0 768912.0 1.0
a 37 46 0 144312.0 180.0
a 37 6 0 144312.0 26388.0
a 37 28 0 144312.0 1442.0
a 37 34 0 144312.0 522326.0
a 37 34 0 144312.0 525920.0
a 37 28 0 144312.0 1301.0
a 37 6 0 144312.0 27634.0
a 38 41 0 768912.0 1.0
a 38 46 0 144312.0 178.0
a 38 43 0 144312.0 14581.0
a 38 40 0 144312.0 22.0
a 38 39 0 144312.0 37.0
a 38 39 0 144312.0 28.0
a 38 40 0 144312.0 22.0
a 38 41 0 768912.0 1.0
a 38 43 0 144312.0 13897.0
a 38 46 0 144312.0 170.0
a 38 11 0 144312.0 235436.0
a 38 13 0 144312.0 349873.0
a 38 37 0 144312.0 85.0
a 38 11 0 144312.0 231161.0
a 38 37 0 144312.0 18.0
a 38 13 0 144312.0 354710.0
a 39 41 0 768912.0 2.0
a 39 44 0 144312.0 12292.0
a 39 40 0 144312.0 32.0
a 39 40 0 144312.0 20.0
a 39 41 0 768912.0 2.0
a 39 44 0 144312.0 12190.0
a 39 1 0 144312.0 268472.0
a 39 16 0 144312.0 413062.0
a 39 37 0 144312.0 54.0
a 39 38 0 144312.0 37.0
a 39 38 0 144312.0 28.0
a 39 37 0 144312.0 22.0
a 39 16 0 144312.0 397186.0
a 39 1 0 144312.0 265866.0
a 40 41 0 768912.0 1.0
a 40 46 0 144312.0 185.0
a 40 41 0 768912.0 1.0
a 40 46 0 144312.0 180.0
a 40 19 0 144312.0 34388.0
a 40 29 0 144312.0 1239.0
a 40 37 0 144312.0 22.0
a 40 38 0 144312.0 22.0
a 40 39 0 144312.0 32.0
a 40 39 0 144312.0 20.0
a 40 38 0 144312.0 22.0
a 40 37 0 144312.0 22.0
a 40 29 0 144312.0 1354.0
a 40 19 0 144312.0 33839.0
a 41 37 0 768912.0 1.0
a 41 38 0 768912.0 1.0
a 41 39 0 768912.0 2.0
a 41 40 0 768912.0 1.0
a 41 40 0 768912.0 1.0
a 41 39 0 768912.0 2.0
a 41 38 0 768912.0 1.0
a 41 37 0 768912.0 1.0
a 42 0 0 144312.0 60988.0
a 42 14 0 144312.0 8448.0
a 42 14 0 144312.0 8290.0
a 42 0 0 144312.0 60973.0
a 43 27 0 144312.0 13279.0
a 43 29 0 144312.0 13489.0
a 43 38 0 144312.0 14581.0
a 43 38 0 144312.0 13897.0
a 43 29 0 144312.0 13435.0
a 43 27 0 144312.0 14072.0
a 44 30 0 144312.0 10955.0
a 44 32 0 144312.0 10893.0
a 44 39 0 144312.0 12292.0
a 44 39 0 144312.0 12190.0
a 44 32 0 144312.0 11117.0
a 44 30 0 144312.0 11696.0
a 45 17 0 144312.0 63050.0
a 45 34 0 144312.0 1639.0
a 45 34 0 144312.0 1637.0
a 45 17 0 144312.0 63095.0
a 46 28 0 144312.0 1467.0
a 46 31 0 144312.0 1188.0
a 46 37 0 144312.0 166.0
a 46 38 0 144312.0 178.0
a 46 40 0 144312.0 185.0
a 46 40 0 144312.0 180.0
a 46 38 0 144312.0 170.0
a 46 37 0 144312.0 180.0
a 46 31 0 144312.0 1132.0
a 46 28 0 144312.0 968.0
a 47 48 0 144312.0 4.0
a 47 48 0 144312.0 4.0
a 47 14 0 144312.0 231402.0
a 47 24 0 144312.0 4.0
a 47 25 0 144312.0 11.0
a 47 26 0 768912.0 1.0
a 47 25 0 144312.0 5.0
a 47 24 0 144312.0 3.0
a 47 26 0 768912.0 1.0
a 47 14 0 144312.0 240458.0
a 48 24 0 144312.0 4.0
a 48 25 0 144312.0 6.0
a 48 26 0 768912.0 1.0
a 48 35 0 144312.0 101534.0
a 48 47 0 144312.0 4.0
a 48 47 0 144312.0 4.0
a 48 25 0 144312.0 4.0
a 48 24 0 144312.0 4.0
a 48 26 0 768912.0 1.0
a 48 35 0 144312.0 101634.0
