p min 49 520
n 12 -768912.0
n 13 9960.0
n 14 7968.0
n 16 27888.0
n 17 27888.0
n 19 23904.0
n 20 23904.0
n 21 25896.0
n 22 25896.0
n 24 11952.0
n 25 13944.0
n 27 21912.0
n 28 21912.0
n 29 21912.0
n 30 23904.0
n 31 23904.0
n 32 23904.0
n 34 23904.0
n 35 21912.0
n 37 45816.0
n 38 45816.0
n 39 45816.0
n 40 45816.0
n 42 11952.0
n 43 69720.0
n 44 39840.0
n 45 5976.0
n 46 49800.0
n 47 13944.0
n 48 11952.0
a 0 4 0 768912.0 1.0
a 0 8 0 143822.0 43196.0
a 0 42 0 143822.0 57476.0
a 0 3 0 143822.0 14.0
a 0 2 0 143822.0 16.0
a 0 1 0 143822.0 15.0
a 0 1 0 143822.0 19.0
a 0 2 0 143822.0 15.0
a 0 3 0 143822.0 17.0
a 0 4 0 768912.0 1.0
a 0 8 0 143822.0 41606.0
a 0 42 0 143822.0 58571.0
a 1 4 0 768912.0 2.0
a 1 20 0 143822.0 308222.0
a 1 39 0 143822.0 279665.0
a 1 3 0 143822.0 17.0
a 1 2 0 143822.0 17.0
a 1 2 0 143822.0 17.0
a 1 3 0 143822.0 18.0
a 1 4 0 768912.0 2.0
a 1 20 0 143822.0 343877.0
a 1 39 0 143822.0 273102.0
a 1 0 0 143822.0 15.0
a 1 0 0 143822.0 19.0
a 2 4 0 768912.0 1.0
a 2 32 0 143822.0 278639.0
a 2 16 0 143822.0 86141.0
a 2 3 0 143822.0 10.0
a 2 3 0 143822.0 11.0
a 2 4 0 768912.0 1.0
a 2 16 0 143822.0 92904.0
a 2 32 0 143822.0 269560.0
a 2 0 0 143822.0 16.0
a 2 1 0 143822.0 17.0
a 2 1 0 143822.0 17.0
a 2 0 0 143822.0 15.0
a 3 14 0 143822.0 55345.0
a 3 4 0 768912.0 1.0
a 3 27 0 143822.0 260778.0
a 3 4 0 768912.0 1.0
a 3 14 0 143822.0 55090.0
a 3 27 0 143822.0 285094.0
a 3 0 0 143822.0 14.0
a 3 1 0 143822.0 17.0
a 3 2 0 143822.0 10.0
a 3 2 0 143822.0 11.0
a 3 1 0 143822.0 18.0
a 3 0 0 143822.0 17.0
a 4 0 0 768912.0 1.0
a 4 1 0 768912.0 2.0
a 4 2 0 768912.0 1.0
a 4 3 0 768912.0 1.0
a 4 3 0 768912.0 1.0
a 4 2 0 768912.0 1.0
a 4 1 0 768912.0 2.0
a 4 0 0 768912.0 1.0
a 5 7 0 768912.0 1.0
a 5 20 0 143822.0 5980.0
a 5 10 0 143822.0 293251.0
a 5 6 0 287644.0 17.0
a 5 6 0 287644.0 16.0
a 5 7 0 768912.0 1.0
a 5 10 0 143822.0 289930.0
a 5 20 0 143822.0 6088.0
a 6 7 0 768912.0 1.0
a 6 37 0 143822.0 28472.0
a 6 29 0 143822.0 29404.0
a 6 7 0 768912.0 1.0
a 6 29 0 143822.0 29366.0
a 6 37 0 143822.0 27765.0
a 6 5 0 287644.0 17.0
a 6 5 0 287644.0 16.0
a 7 5 0 768912.0 1.0
a 7 6 0 768912.0 1.0
a 7 6 0 768912.0 1.0
a 7 5 0 768912.0 1.0
a 8 12 0 768912.0 2.0
a 8 25 0 143822.0 372652.0
a 8 11 0 143822.0 30.0
a 8 10 0 143822.0 32.0
a 8 9 0 143822.0 17.0
a 8 9 0 143822.0 18.0
a 8 10 0 143822.0 21.0
a 8 11 0 143822.0 23.0
a 8 12 0 768912.0 2.0
a 8 25 0 143822.0 378003.0
a 8 0 0 143822.0 43196.0
a 8 0 0 143822.0 41606.0
a 9 12 0 768912.0 2.0
a 9 14 0 143822.0 64967.0
a 9 35 0 143822.0 196518.0
a 9 17 0 143822.0 101861.0
a 9 11 0 143822.0 32.0
a 9 10 0 143822.0 34.0
a 9 10 0 143822.0 26.0
a 9 11 0 143822.0 24.0
a 9 12 0 768912.0 2.0
a 9 14 0 143822.0 66587.0
a 9 17 0 143822.0 100268.0
a 9 35 0 143822.0 195973.0
a 9 8 0 143822.0 17.0
a 9 8 0 143822.0 18.0
a 10 11 0 143822.0 15.0
a 10 12 0 768912.0 2.0
a 10 28 0 143822.0 244603.0
a 10 11 0 143822.0 14.0
a 10 12 0 768912.0 2.0
a 10 28 0 143822.0 240803.0
a 10 5 0 143822.0 293251.0
a 10 8 0 143822.0 32.0
a 10 9 0 143822.0 34.0
a 10 9 0 143822.0 26.0
a 10 8 0 143822.0 21.0
a 10 5 0 143822.0 289930.0
a 11 38 0 143822.0 249639.0
a 11 12 0 768912.0 3.0
a 11 31 0 143822.0 244590.0
a 11 21 0 143822.0 309486.0
a 11 12 0 768912.0 3.0
a 11 21 0 143822.0 312563.0
a 11 31 0 143822.0 240087.0
a 11 38 0 143822.0 248876.0
a 11 8 0 143822.0 30.0
a 11 9 0 143822.0 32.0
a 11 10 0 143822.0 15.0
a 11 10 0 143822.0 14.0
a 11 9 0 143822.0 24.0
a 11 8 0 143822.0 23.0
a 12 8 0 768912.0 2.0
a 12 9 0 768912.0 2.0
a 12 10 0 768912.0 2.0
a 12 11 0 768912.0 3.0
a 12 11 0 768912.0 3.0
a 12 10 0 768912.0 2.0
a 12 9 0 768912.0 2.0
a 12 8 0 768912.0 2.0
a 13 35 0 143822.0 93192.0
a 13 15 0 768912.0 1.0
a 13 31 0 143822.0 346697.0
a 13 38 0 143822.0 361287.0
a 13 14 0 287644.0 25.0
a 13 14 0 287644.0 19.0
a 13 15 0 768912.0 1.0
a 13 31 0 143822.0 404306.0
a 13 35 0 143822.0 99400.0
a 13 38 0 143822.0 362547.0
a 14 47 0 143822.0 250474.0
a 14 42 0 143822.0 9654.0
a 14 15 0 768912.0 1.0
a 14 15 0 768912.0 1.0
a 14 42 0 143822.0 9596.0
a 14 47 0 143822.0 261411.0
a 14 3 0 143822.0 55345.0
a 14 9 0 143822.0 64967.0
a 14 13 0 287644.0 25.0
a 14 3 0 143822.0 55090.0
a 14 13 0 287644.0 19.0
a 14 9 0 143822.0 66587.0
a 15 13 0 768912.0 1.0
a 15 14 0 768912.0 1.0
a 15 14 0 768912.0 1.0
a 15 13 0 768912.0 1.0
a 16 18 0 768912.0 2.0
a 16 39 0 143822.0 417137.0
a 16 17 0 287644.0 25.0
a 16 17 0 287644.0 13.0
a 16 18 0 768912.0 2.0
a 16 39 0 143822.0 421880.0
a 16 2 0 143822.0 86141.0
a 16 2 0 143822.0 92904.0
a 17 18 0 768912.0 1.0
a 17 34 0 143822.0 58422.0
a 17 45 0 143822.0 61503.0
a 17 18 0 768912.0 1.0
a 17 34 0 143822.0 57434.0
a 17 45 0 143822.0 61712.0
a 17 9 0 143822.0 101861.0
a 17 16 0 287644.0 25.0
a 17 16 0 287644.0 13.0
a 17 9 0 143822.0 100268.0
a 18 16 0 768912.0 2.0
a 18 17 0 768912.0 1.0
a 18 17 0 768912.0 1.0
a 18 16 0 768912.0 2.0
a 19 23 0 768912.0 1.0
a 19 40 0 143822.0 35282.0
a 19 22 0 143822.0 7.0
a 19 21 0 143822.0 13.0
a 19 20 0 143822.0 18.0
a 19 20 0 143822.0 9.0
a 19 21 0 143822.0 13.0
a 19 22 0 143822.0 7.0
a 19 23 0 768912.0 1.0
a 19 40 0 143822.0 35443.0
a 20 23 0 768912.0 1.0
a 20 22 0 143822.0 19.0
a 20 21 0 143822.0 22.0
a 20 21 0 143822.0 14.0
a 20 22 0 143822.0 12.0
a 20 23 0 768912.0 1.0
a 20 1 0 143822.0 308222.0
a 20 5 0 143822.0 5980.0
a 20 19 0 143822.0 18.0
a 20 19 0 143822.0 9.0
a 20 5 0 143822.0 6088.0
a 20 1 0 143822.0 343877.0
a 21 23 0 768912.0 1.0
a 21 22 0 143822.0 18.0
a 21 22 0 143822.0 19.0
a 21 23 0 768912.0 1.0
a 21 11 0 143822.0 309486.0
a 21 19 0 143822.0 13.0
a 21 20 0 143822.0 22.0
a 21 20 0 143822.0 14.0
a 21 19 0 143822.0 13.0
a 21 11 0 143822.0 312563.0
a 22 23 0 768912.0 1.0
a 22 27 0 143822.0 35348.0
a 22 23 0 768912.0 1.0
a 22 27 0 143822.0 36386.0
a 22 19 0 143822.0 7.0
a 22 20 0 143822.0 19.0
a 22 21 0 143822.0 18.0
a 22 21 0 143822.0 19.0
a 22 20 0 143822.0 12.0
a 22 19 0 143822.0 7.0
a 23 19 0 768912.0 1.0
a 23 20 0 768912.0 1.0
a 23 21 0 768912.0 1.0
a 23 22 0 768912.0 1.0
a 23 22 0 768912.0 1.0
a 23 21 0 768912.0 1.0
a 23 20 0 768912.0 1.0
a 23 19 0 768912.0 1.0
a 24 25 0 143822.0 10.0
a 24 47 0 143822.0 4.0
a 24 48 0 143822.0 4.0
a 24 26 0 768912.0 1.0
a 24 30 0 143822.0 756955.0
a 24 25 0 143822.0 7.0
a 24 26 0 768912.0 1.0
a 24 30 0 143822.0 758666.0
a 24 47 0 143822.0 4.0
a 24 48 0 143822.0 5.0
a 25 47 0 143822.0 6.0
a 25 48 0 143822.0 7.0
a 25 26 0 768912.0 1.0
a 25 26 0 768912.0 1.0
a 25 47 0 143822.0 5.0
a 25 48 0 143822.0 5.0
a 25 8 0 143822.0 372652.0
a 25 24 0 143822.0 10.0
a 25 24 0 143822.0 7.0
a 25 8 0 143822.0 378003.0
a 26 47 0 768912.0 1.0
a 26 48 0 768912.0 1.0
a 26 47 0 768912.0 1.0
a 26 48 0 768912.0 1.0
a 26 24 0 768912.0 1.0
a 26 25 0 768912.0 1.0
a 26 25 0 768912.0 1.0
a 26 24 0 768912.0 1.0
a 27 33 0 768912.0 1.0
a 27 43 0 143822.0 13901.0
a 27 32 0 143822.0 14.0
a 27 31 0 143822.0 21.0
a 27 30 0 143822.0 20.0
a 27 29 0 143822.0 23.0
a 27 28 0 143822.0 19.0
a 27 28 0 143822.0 11.0
a 27 29 0 143822.0 12.0
a 27 30 0 143822.0 13.0
a 27 31 0 143822.0 14.0
a 27 32 0 143822.0 13.0
a 27 33 0 768912.0 1.0
a 27 43 0 143822.0 14803.0
a 27 3 0 143822.0 260778.0
a 27 22 0 143822.0 35348.0
a 27 22 0 143822.0 36386.0
a 27 3 0 143822.0 285094.0
a 28 33 0 768912.0 1.0
a 28 37 0 143822.0 1329.0
a 28 46 0 143822.0 1000.0
a 28 32 0 143822.0 18.0
a 28 31 0 143822.0 5.0
a 28 30 0 143822.0 47.0
a 28 29 0 143822.0 17.0
a 28 29 0 143822.0 12.0
a 28 30 0 143822.0 17.0
a 28 31 0 143822.0 7.0
a 28 32 0 143822.0 15.0
a 28 33 0 768912.0 1.0
a 28 37 0 143822.0 1453.0
a 28 46 0 143822.0 1134.0
a 28 10 0 143822.0 244603.0
a 28 27 0 143822.0 19.0
a 28 27 0 143822.0 11.0
a 28 10 0 143822.0 240803.0
a 29 33 0 768912.0 1.0
a 29 40 0 143822.0 1277.0
a 29 43 0 143822.0 13557.0
a 29 32 0 143822.0 18.0
a 29 31 0 143822.0 18.0
a 29 30 0 143822.0 31.0
a 29 30 0 143822.0 19.0
a 29 31 0 143822.0 17.0
a 29 32 0 143822.0 16.0
a 29 33 0 768912.0 1.0
a 29 40 0 143822.0 1309.0
a 29 43 0 143822.0 14099.0
a 29 6 0 143822.0 29404.0
a 29 27 0 143822.0 23.0
a 29 28 0 143822.0 17.0
a 29 28 0 143822.0 12.0
a 29 27 0 143822.0 12.0
a 29 6 0 143822.0 29366.0
a 30 33 0 768912.0 1.0
a 30 44 0 143822.0 10342.0
a 30 32 0 143822.0 19.0
a 30 31 0 143822.0 25.0
a 30 31 0 143822.0 20.0
a 30 32 0 143822.0 19.0
a 30 33 0 768912.0 1.0
a 30 44 0 143822.0 10797.0
a 30 24 0 143822.0 756955.0
a 30 27 0 143822.0 20.0
a 30 28 0 143822.0 47.0
a 30 29 0 143822.0 31.0
a 30 29 0 143822.0 19.0
a 30 28 0 143822.0 17.0
a 30 27 0 143822.0 13.0
a 30 24 0 143822.0 758666.0
a 31 33 0 768912.0 1.0
a 31 46 0 143822.0 1153.0
a 31 32 0 143822.0 25.0
a 31 32 0 143822.0 19.0
a 31 33 0 768912.0 1.0
a 31 46 0 143822.0 1053.0
a 31 11 0 143822.0 244590.0
a 31 13 0 143822.0 346697.0
a 31 27 0 143822.0 21.0
a 31 28 0 143822.0 5.0
a 31 29 0 143822.0 18.0
a 31 30 0 143822.0 25.0
a 31 30 0 143822.0 20.0
a 31 29 0 143822.0 17.0
a 31 28 0 143822.0 7.0
a 31 27 0 143822.0 14.0
a 31 13 0 143822.0 404306.0
a 31 11 0 143822.0 240087.0
a 32 33 0 768912.0 1.0
a 32 44 0 143822.0 11457.0
a 32 33 0 768912.0 1.0
a 32 44 0 143822.0 10845.0
a 32 2 0 143822.0 278639.0
a 32 27 0 143822.0 14.0
a 32 28 0 143822.0 18.0
a 32 29 0 143822.0 18.0
a 32 30 0 143822.0 19.0
a 32 31 0 143822.0 25.0
a 32 31 0 143822.0 19.0
a 32 30 0 143822.0 19.0
a 32 29 0 143822.0 16.0
a 32 28 0 143822.0 15.0
a 32 27 0 143822.0 13.0
a 32 2 0 143822.0 269560.0
a 33 27 0 768912.0 1.0
a 33 28 0 768912.0 1.0
a 33 29 0 768912.0 1.0
a 33 30 0 768912.0 1.0
a 33 31 0 768912.0 1.0
a 33 32 0 768912.0 1.0
a 33 32 0 768912.0 1.0
a 33 31 0 768912.0 1.0
a 33 30 0 768912.0 1.0
a 33 29 0 768912.0 1.0
a 33 28 0 768912.0 1.0
a 33 27 0 768912.0 1.0
a 34 37 0 143822.0 535690.0
a 34 36 0 768912.0 1.0
a 34 45 0 143822.0 1763.0
a 34 35 0 287644.0 24.0
a 34 35 0 287644.0 17.0
a 34 36 0 768912.0 1.0
a 34 37 0 143822.0 546184.0
a 34 45 0 143822.0 1764.0
a 34 17 0 143822.0 58422.0
a 34 17 0 143822.0 57434.0
a 35 48 0 143822.0 105395.0
a 35 36 0 768912.0 1.0
a 35 36 0 768912.0 1.0
a 35 48 0 143822.0 106499.0
a 35 9 0 143822.0 196518.0
a 35 13 0 143822.0 93192.0
a 35 34 0 287644.0 24.0
a 35 13 0 143822.0 99400.0
a 35 34 0 287644.0 17.0
a 35 9 0 143822.0 195973.0
a 36 34 0 768912.0 1.0
a 36 35 0 768912.0 1.0
a 36 35 0 768912.0 1.0
a 36 34 0 768912.0 1.0
a 37 41 0 768912.0 1.0
a 37 46 0 143822.0 166.0
a 37 40 0 143822.0 22.0
a 37 39 0 143822.0 37.0
a 37 38 0 143822.0 55.0
a 37 38 0 143822.0 16.0
a 37 39 0 143822.0 17.0
a 37 40 0 143822.0 16.0
a 37 41 0 768912.0 1.0
a 37 46 0 143822.0 162.0
a 37 6 0 143822.0 28472.0
a 37 28 0 143822.0 1329.0
a 37 34 0 143822.0 535690.0
a 37 34 0 143822.0 546184.0
a 37 28 0 143822.0 1453.0
a 37 6 0 143822.0 27765.0
a 38 41 0 768912.0 1.0
a 38 46 0 143822.0 163.0
a 38 43 0 143822.0 14579.0
a 38 40 0 143822.0 22.0
a 38 39 0 143822.0 32.0
a 38 39 0 143822.0 22.0
a 38 40 0 143822.0 19.0
a 38 41 0 768912.0 1.0
a 38 43 0 143822.0 14539.0
a 38 46 0 143822.0 163.0
a 38 11 0 143822.0 249639.0
a 38 13 0 143822.0 361287.0
a 38 37 0 143822.0 55.0
a 38 11 0 143822.0 248876.0
a 38 37 0 143822.0 16.0
a 38 13 0 143822.0 362547.0
a 39 41 0 768912.0 2.0
a 39 44 0 143822.0 12236.0
a 39 40 0 143822.0 40.0
a 39 40 0 143822.0 22.0
a 39 41 0 768912.0 2.0
a 39 44 0 143822.0 12268.0
a 39 1 0 143822.0 279665.0
a 39 16 0 143822.0 417137.0
a 39 37 0 143822.0 37.0
a 39 38 0 143822.0 32.0
a 39 38 0 143822.0 22.0
a 39 37 0 143822.0 17.0
a 39 16 0 143822.0 421880.0
a 39 1 0 143822.0 273102.0
a 40 41 0 768912.0 1.0
a 40 46 0 143822.0 162.0
a 40 41 0 768912.0 1.0
a 40 46 0 143822.0 161.0
a 40 19 0 143822.0 35282.0
a 40 29 0 143822.0 1277.0
a 40 37 0 143822.0 22.0
a 40 38 0 143822.0 22.0
a 40 39 0 143822.0 40.0
a 40 39 0 143822.0 22.0
a 40 38 0 143822.0 19.0
a 40 37 0 143822.0 16.0
a 40 29 0 143822.0 1309.0
a 40 19 0 143822.0 35443.0
a 41 37 0 768912.0 1.0
a 41 38 0 768912.0 1.0
a 41 39 0 768912.0 2.0
a 41 40 0 768912.0 1.0
a 41 40 0 768912.0 1.0
a 41 39 0 768912.0 2.0
a 41 38 0 768912.0 1.0
a 41 37 0 768912.0 1.0
a 42 0 0 143822.0 57476.0
a 42 14 0 143822.0 9654.0
a 42 14 0 143822.0 9596.0
a 42 0 0 143822.0 58571.0
a 43 27 0 143822.0 13901.0
a 43 29 0 143822.0 13557.0
a 43 38 0 143822.0 14579.0
a 43 38 0 143822.0 14539.0
a 43 29 0 143822.0 14099.0
a 43 27 0 143822.0 14803.0
a 44 30 0 143822.0 10342.0
a 44 32 0 143822.0 11457.0
a 44 39 0 143822.0 12236.0
a 44 39 0 143822.0 12268.0
a 44 32 0 143822.0 10845.0
a 44 30 0 143822.0 10797.0
a 45 17 0 143822.0 61503.0
a 45 34 0 143822.0 1763.0
a 45 34 0 143822.0 1764.0
a 45 17 0 143822.0 61712.0
a 46 28 0 143822.0 1000.0
a 46 31 0 143822.0 1153.0
a 46 37 0 143822.0 166.0
a 46 38 0 143822.0 163.0
a 46 40 0 143822.0 162.0
a 46 40 0 143822.0 161.0
a 46 38 0 143822.0 163.0
a 46 37 0 143822.0 162.0
a 46 31 0 143822.0 1053.0
a 46 28 0 143822.0 1134.0
a 47 48 0 143822.0 4.0
a 47 48 0 143822.0 4.0
a 47 14 0 143822.0 250474.0
a 47 24 0 143822.0 4.0
a 47 25 0 143822.0 6.0
a 47 26 0 768912.0 1.0
a 47 25 0 143822.0 5.0
a 47 24 0 143822.0 4.0
a 47 26 0 768912.0 1.0
a 47 14 0 143822.0 261411.0
a 48 24 0 143822.0 4.0
a 48 25 0 143822.0 7.0
a 48 26 0 768912.0 1.0
a 48 35 0 143822.0 105395.0
a 48 47 0 143822.0 4.0
a 48 47 0 143822.0 4.0
a 48 25 0 143822.0 5.0
a 48 24 0 143822.0 5.0
a 48 26 0 768912.0 1.0
a 48 35 0 143822.0 106499.0
