c 60090 msec
p min 49 520
n 25 -769076.0
n 26 30492.0
n 27 30492.0
n 28 30492.0
n 29 30492.0
n 30 30492.0
n 31 30492.0
n 33 33880.0
n 34 37268.0
n 36 50820.0
n 37 47432.0
n 38 47432.0
n 39 47432.0
n 41 20328.0
n 42 115192.0
n 43 37268.0
n 44 23716.0
n 45 125356.0
a 0 4 0 769076.0 1.0
a 0 8 0 244613.0 43196.0
a 0 42 0 244613.0 57476.0
a 0 3 0 244613.0 14.0
a 0 2 0 244613.0 16.0
a 0 1 0 244613.0 15.0
a 0 1 0 244613.0 19.0
a 0 2 0 244613.0 15.0
a 0 3 0 244613.0 17.0
a 0 4 0 769076.0 1.0
a 0 8 0 244613.0 41596.0
a 0 42 0 244613.0 58556.0
a 1 4 0 769076.0 2.0
a 1 20 0 244613.0 308222.0
a 1 39 0 244613.0 279665.0
a 1 3 0 244613.0 17.0
a 1 2 0 244613.0 17.0
a 1 2 0 244613.0 17.0
a 1 3 0 244613.0 18.0
a 1 4 0 769076.0 2.0
a 1 20 0 244613.0 343877.0
a 1 39 0 244613.0 273102.0
a 1 0 0 244613.0 15.0
a 1 0 0 244613.0 19.0
a 2 4 0 769076.0 1.0
a 2 32 0 244613.0 278639.0
a 2 16 0 244613.0 86141.0
a 2 3 0 244613.0 10.0
a 2 3 0 244613.0 11.0
a 2 4 0 769076.0 1.0
a 2 16 0 244613.0 92904.0
a 2 32 0 244613.0 269560.0
a 2 0 0 244613.0 16.0
a 2 1 0 244613.0 17.0
a 2 1 0 244613.0 17.0
a 2 0 0 244613.0 15.0
a 3 14 0 244613.0 55345.0
a 3 4 0 769076.0 1.0
a 3 27 0 244613.0 260778.0
a 3 4 0 769076.0 1.0
a 3 14 0 244613.0 55090.0
a 3 27 0 244613.0 285094.0
a 3 0 0 244613.0 14.0
a 3 1 0 244613.0 17.0
a 3 2 0 244613.0 10.0
a 3 2 0 244613.0 11.0
a 3 1 0 244613.0 18.0
a 3 0 0 244613.0 17.0
a 4 0 0 769076.0 1.0
a 4 1 0 769076.0 2.0
a 4 2 0 769076.0 1.0
a 4 3 0 769076.0 1.0
a 4 3 0 769076.0 1.0
a 4 2 0 769076.0 1.0
a 4 1 0 769076.0 2.0
a 4 0 0 769076.0 1.0
a 5 7 0 769076.0 1.0
a 5 20 0 244613.0 6509.0
a 5 10 0 244613.0 291963.0
a 5 6 0 489225.0 17.0
a 5 6 0 489225.0 16.0
a 5 7 0 769076.0 1.0
a 5 10 0 244613.0 289286.0
a 5 20 0 244613.0 6055.0
a 6 7 0 769076.0 1.0
a 6 37 0 244613.0 28472.0
a 6 29 0 244613.0 29404.0
a 6 7 0 769076.0 1.0
a 6 29 0 244613.0 29283.0
a 6 37 0 244613.0 30347.0
a 6 5 0 489225.0 17.0
a 6 5 0 489225.0 16.0
a 7 5 0 769076.0 1.0
a 7 6 0 769076.0 1.0
a 7 6 0 769076.0 1.0
a 7 5 0 769076.0 1.0
a 8 12 0 769076.0 2.0
a 8 25 0 244613.0 363511.0
a 8 11 0 244613.0 30.0
a 8 10 0 244613.0 32.0
a 8 9 0 244613.0 17.0
a 8 9 0 244613.0 18.0
a 8 10 0 244613.0 21.0
a 8 11 0 244613.0 23.0
a 8 12 0 769076.0 2.0
a 8 25 0 244613.0 371990.0
a 8 0 0 244613.0 43196.0
a 8 0 0 244613.0 41596.0
a 9 12 0 769076.0 2.0
a 9 14 0 244613.0 66731.0
a 9 35 0 244613.0 193852.0
a 9 17 0 244613.0 97704.0
a 9 11 0 244613.0 32.0
a 9 10 0 244613.0 34.0
a 9 10 0 244613.0 26.0
a 9 11 0 244613.0 24.0
a 9 12 0 769076.0 2.0
a 9 14 0 244613.0 65963.0
a 9 17 0 244613.0 111217.0
a 9 35 0 244613.0 191843.0
a 9 8 0 244613.0 17.0
a 9 8 0 244613.0 18.0
a 10 11 0 244613.0 15.0
a 10 12 0 769076.0 2.0
a 10 28 0 244613.0 258885.0
a 10 11 0 244613.0 14.0
a 10 12 0 769076.0 2.0
a 10 28 0 244613.0 256960.0
a 10 5 0 244613.0 291963.0
a 10 8 0 244613.0 32.0
a 10 9 0 244613.0 34.0
a 10 9 0 244613.0 26.0
a 10 8 0 244613.0 21.0
a 10 5 0 244613.0 289286.0
a 11 38 0 244613.0 224751.0
a 11 12 0 769076.0 3.0
a 11 31 0 244613.0 259076.0
a 11 21 0 244613.0 297230.0
a 11 12 0 769076.0 3.0
a 11 21 0 244613.0 300593.0
a 11 31 0 244613.0 259005.0
a 11 38 0 244613.0 232691.0
a 11 8 0 244613.0 30.0
a 11 9 0 244613.0 32.0
a 11 10 0 244613.0 15.0
a 11 10 0 244613.0 14.0
a 11 9 0 244613.0 24.0
a 11 8 0 244613.0 23.0
a 12 8 0 769076.0 2.0
a 12 9 0 769076.0 2.0
a 12 10 0 769076.0 2.0
a 12 11 0 769076.0 3.0
a 12 11 0 769076.0 3.0
a 12 10 0 769076.0 2.0
a 12 9 0 769076.0 2.0
a 12 8 0 769076.0 2.0
a 13 35 0 244613.0 94565.0
a 13 15 0 769076.0 1.0
a 13 31 0 244613.0 345636.0
a 13 38 0 244613.0 361287.0
a 13 14 0 489225.0 25.0
a 13 14 0 489225.0 19.0
a 13 15 0 769076.0 1.0
a 13 31 0 244613.0 404306.0
a 13 35 0 244613.0 99400.0
a 13 38 0 244613.0 362473.0
a 14 47 0 244613.0 250354.0
a 14 42 0 244613.0 9561.0
a 14 15 0 769076.0 1.0
a 14 15 0 769076.0 1.0
a 14 42 0 244613.0 9692.0
a 14 47 0 244613.0 261336.0
a 14 3 0 244613.0 55345.0
a 14 9 0 244613.0 66731.0
a 14 13 0 489225.0 25.0
a 14 3 0 244613.0 55090.0
a 14 13 0 489225.0 19.0
a 14 9 0 244613.0 65963.0
a 15 13 0 769076.0 1.0
a 15 14 0 769076.0 1.0
a 15 14 0 769076.0 1.0
a 15 13 0 769076.0 1.0
a 16 18 0 769076.0 2.0
a 16 39 0 244613.0 417137.0
a 16 17 0 489225.0 24.0
a 16 17 0 489225.0 13.0
a 16 18 0 769076.0 2.0
a 16 39 0 244613.0 421880.0
a 16 2 0 244613.0 86141.0
a 16 2 0 244613.0 92904.0
a 17 18 0 769076.0 1.0
a 17 34 0 244613.0 57517.0
a 17 45 0 244613.0 61268.0
a 17 18 0 769076.0 1.0
a 17 34 0 244613.0 62373.0
a 17 45 0 244613.0 61644.0
a 17 9 0 244613.0 97704.0
a 17 16 0 489225.0 24.0
a 17 16 0 489225.0 13.0
a 17 9 0 244613.0 111217.0
a 18 16 0 769076.0 2.0
a 18 17 0 769076.0 1.0
a 18 17 0 769076.0 1.0
a 18 16 0 769076.0 2.0
a 19 23 0 769076.0 1.0
a 19 40 0 244613.0 35282.0
a 19 22 0 244613.0 7.0
a 19 21 0 244613.0 13.0
a 19 20 0 244613.0 18.0
a 19 20 0 244613.0 9.0
a 19 21 0 244613.0 13.0
a 19 22 0 244613.0 7.0
a 19 23 0 769076.0 1.0
a 19 40 0 244613.0 35443.0
a 20 23 0 769076.0 1.0
a 20 22 0 244613.0 19.0
a 20 21 0 244613.0 22.0
a 20 21 0 244613.0 14.0
a 20 22 0 244613.0 12.0
a 20 23 0 769076.0 1.0
a 20 1 0 244613.0 308222.0
a 20 5 0 244613.0 6509.0
a 20 19 0 244613.0 18.0
a 20 19 0 244613.0 9.0
a 20 5 0 244613.0 6055.0
a 20 1 0 244613.0 343877.0
a 21 23 0 769076.0 1.0
a 21 22 0 244613.0 18.0
a 21 22 0 244613.0 19.0
a 21 23 0 769076.0 1.0
a 21 11 0 244613.0 297230.0
a 21 19 0 244613.0 13.0
a 21 20 0 244613.0 22.0
a 21 20 0 244613.0 14.0
a 21 19 0 244613.0 13.0
a 21 11 0 244613.0 300593.0
a 22 23 0 769076.0 1.0
a 22 27 0 244613.0 35348.0
a 22 23 0 769076.0 1.0
a 22 27 0 244613.0 36386.0
a 22 19 0 244613.0 7.0
a 22 20 0 244613.0 19.0
a 22 21 0 244613.0 18.0
a 22 21 0 244613.0 19.0
a 22 20 0 244613.0 12.0
a 22 19 0 244613.0 7.0
a 23 19 0 769076.0 1.0
a 23 20 0 769076.0 1.0
a 23 21 0 769076.0 1.0
a 23 22 0 769076.0 1.0
a 23 22 0 769076.0 1.0
a 23 21 0 769076.0 1.0
a 23 20 0 769076.0 1.0
a 23 19 0 769076.0 1.0
a 24 25 0 244613.0 9.0
a 24 47 0 244613.0 4.0
a 24 48 0 244613.0 4.0
a 24 26 0 769076.0 1.0
a 24 30 0 244613.0 756955.0
a 24 25 0 244613.0 7.0
a 24 26 0 769076.0 1.0
a 24 30 0 244613.0 758666.0
a 24 47 0 244613.0 4.0
a 24 48 0 244613.0 5.0
a 25 47 0 244613.0 6.0
a 25 48 0 244613.0 7.0
a 25 26 0 769076.0 1.0
a 25 26 0 769076.0 1.0
a 25 47 0 244613.0 5.0
a 25 48 0 244613.0 5.0
a 25 8 0 244613.0 363511.0
a 25 24 0 244613.0 9.0
a 25 24 0 244613.0 7.0
a 25 8 0 244613.0 371990.0
a 26 47 0 769076.0 1.0
a 26 48 0 769076.0 1.0
a 26 47 0 769076.0 1.0
a 26 48 0 769076.0 1.0
a 26 24 0 769076.0 1.0
a 26 25 0 769076.0 1.0
a 26 25 0 769076.0 1.0
a 26 24 0 769076.0 1.0
a 27 33 0 769076.0 1.0
a 27 43 0 244613.0 13788.0
a 27 32 0 244613.0 14.0
a 27 31 0 244613.0 21.0
a 27 30 0 244613.0 20.0
a 27 29 0 244613.0 23.0
a 27 28 0 244613.0 19.0
a 27 28 0 244613.0 11.0
a 27 29 0 244613.0 12.0
a 27 30 0 244613.0 13.0
a 27 31 0 244613.0 14.0
a 27 32 0 244613.0 13.0
a 27 33 0 769076.0 1.0
a 27 43 0 244613.0 14663.0
a 27 3 0 244613.0 260778.0
a 27 22 0 244613.0 35348.0
a 27 22 0 244613.0 36386.0
a 27 3 0 244613.0 285094.0
a 28 33 0 769076.0 1.0
a 28 37 0 244613.0 1301.0
a 28 46 0 244613.0 1129.0
a 28 32 0 244613.0 17.0
a 28 31 0 244613.0 5.0
a 28 30 0 244613.0 47.0
a 28 29 0 244613.0 17.0
a 28 29 0 244613.0 12.0
a 28 30 0 244613.0 17.0
a 28 31 0 244613.0 7.0
a 28 32 0 244613.0 15.0
a 28 33 0 769076.0 1.0
a 28 37 0 244613.0 1435.0
a 28 46 0 244613.0 1133.0
a 28 10 0 244613.0 258885.0
a 28 27 0 244613.0 19.0
a 28 27 0 244613.0 11.0
a 28 10 0 244613.0 256960.0
a 29 33 0 769076.0 1.0
a 29 40 0 244613.0 1327.0
a 29 43 0 244613.0 14213.0
a 29 32 0 244613.0 18.0
a 29 31 0 244613.0 18.0
a 29 30 0 244613.0 31.0
a 29 30 0 244613.0 19.0
a 29 31 0 244613.0 17.0
a 29 32 0 244613.0 16.0
a 29 33 0 769076.0 1.0
a 29 40 0 244613.0 1301.0
a 29 43 0 244613.0 14016.0
a 29 6 0 244613.0 29404.0
a 29 27 0 244613.0 23.0
a 29 28 0 244613.0 17.0
a 29 28 0 244613.0 12.0
a 29 27 0 244613.0 12.0
a 29 6 0 244613.0 29283.0
a 30 33 0 769076.0 1.0
a 30 44 0 244613.0 10637.0
a 30 32 0 244613.0 19.0
a 30 31 0 244613.0 24.0
a 30 31 0 244613.0 20.0
a 30 32 0 244613.0 19.0
a 30 33 0 769076.0 1.0
a 30 44 0 244613.0 10680.0
a 30 24 0 244613.0 756955.0
a 30 27 0 244613.0 20.0
a 30 28 0 244613.0 47.0
a 30 29 0 244613.0 31.0
a 30 29 0 244613.0 19.0
a 30 28 0 244613.0 17.0
a 30 27 0 244613.0 13.0
a 30 24 0 244613.0 758666.0
a 31 33 0 769076.0 1.0
a 31 46 0 244613.0 1148.0
a 31 32 0 244613.0 25.0
a 31 32 0 244613.0 19.0
a 31 33 0 769076.0 1.0
a 31 46 0 244613.0 1191.0
a 31 11 0 244613.0 259076.0
a 31 13 0 244613.0 345636.0
a 31 27 0 244613.0 21.0
a 31 28 0 244613.0 5.0
a 31 29 0 244613.0 18.0
a 31 30 0 244613.0 24.0
a 31 30 0 244613.0 20.0
a 31 29 0 244613.0 17.0
a 31 28 0 244613.0 7.0
a 31 27 0 244613.0 14.0
a 31 13 0 244613.0 404306.0
a 31 11 0 244613.0 259005.0
a 32 33 0 769076.0 1.0
a 32 44 0 244613.0 11302.0
a 32 33 0 769076.0 1.0
a 32 44 0 244613.0 10808.0
a 32 2 0 244613.0 278639.0
a 32 27 0 244613.0 14.0
a 32 28 0 244613.0 17.0
a 32 29 0 244613.0 18.0
a 32 30 0 244613.0 19.0
a 32 31 0 244613.0 25.0
a 32 31 0 244613.0 19.0
a 32 30 0 244613.0 19.0
a 32 29 0 244613.0 16.0
a 32 28 0 244613.0 15.0
a 32 27 0 244613.0 13.0
a 32 2 0 244613.0 269560.0
a 33 27 0 769076.0 1.0
a 33 28 0 769076.0 1.0
a 33 29 0 769076.0 1.0
a 33 30 0 769076.0 1.0
a 33 31 0 769076.0 1.0
a 33 32 0 769076.0 1.0
a 33 32 0 769076.0 1.0
a 33 31 0 769076.0 1.0
a 33 30 0 769076.0 1.0
a 33 29 0 769076.0 1.0
a 33 28 0 769076.0 1.0
a 33 27 0 769076.0 1.0
a 34 37 0 244613.0 535690.0
a 34 36 0 769076.0 1.0
a 34 45 0 244613.0 1772.0
a 34 35 0 489225.0 24.0
a 34 35 0 489225.0 17.0
a 34 36 0 769076.0 1.0
a 34 37 0 244613.0 546184.0
a 34 45 0 244613.0 1764.0
a 34 17 0 244613.0 57517.0
a 34 17 0 244613.0 62373.0
a 35 48 0 244613.0 110350.0
a 35 36 0 769076.0 1.0
a 35 36 0 769076.0 1.0
a 35 48 0 244613.0 106042.0
a 35 9 0 244613.0 193852.0
a 35 13 0 244613.0 94565.0
a 35 34 0 489225.0 24.0
a 35 13 0 244613.0 99400.0
a 35 34 0 489225.0 17.0
a 35 9 0 244613.0 191843.0
a 36 34 0 769076.0 1.0
a 36 35 0 769076.0 1.0
a 36 35 0 769076.0 1.0
a 36 34 0 769076.0 1.0
a 37 41 0 769076.0 1.0
a 37 46 0 244613.0 166.0
a 37 40 0 244613.0 22.0
a 37 39 0 244613.0 37.0
a 37 38 0 244613.0 54.0
a 37 38 0 244613.0 16.0
a 37 39 0 244613.0 17.0
a 37 40 0 244613.0 16.0
a 37 41 0 769076.0 1.0
a 37 46 0 244613.0 186.0
a 37 6 0 244613.0 28472.0
a 37 28 0 244613.0 1301.0
a 37 34 0 244613.0 535690.0
a 37 34 0 244613.0 546184.0
a 37 28 0 244613.0 1435.0
a 37 6 0 244613.0 30347.0
a 38 41 0 769076.0 1.0
a 38 46 0 244613.0 160.0
a 38 43 0 244613.0 14259.0
a 38 40 0 244613.0 22.0
a 38 39 0 244613.0 31.0
a 38 39 0 244613.0 22.0
a 38 40 0 244613.0 19.0
a 38 41 0 769076.0 1.0
a 38 43 0 244613.0 14519.0
a 38 46 0 244613.0 168.0
a 38 11 0 244613.0 224751.0
a 38 13 0 244613.0 361287.0
a 38 37 0 244613.0 54.0
a 38 11 0 244613.0 232691.0
a 38 37 0 244613.0 16.0
a 38 13 0 244613.0 362473.0
a 39 41 0 769076.0 2.0
a 39 44 0 244613.0 12236.0
a 39 40 0 244613.0 40.0
a 39 40 0 244613.0 22.0
a 39 41 0 769076.0 2.0
a 39 44 0 244613.0 12268.0
a 39 1 0 244613.0 279665.0
a 39 16 0 244613.0 417137.0
a 39 37 0 244613.0 37.0
a 39 38 0 244613.0 31.0
a 39 38 0 244613.0 22.0
a 39 37 0 244613.0 17.0
a 39 16 0 244613.0 421880.0
a 39 1 0 244613.0 273102.0
a 40 41 0 769076.0 1.0
a 40 46 0 244613.0 162.0
a 40 41 0 769076.0 1.0
a 40 46 0 244613.0 169.0
a 40 19 0 244613.0 35282.0
a 40 29 0 244613.0 1327.0
a 40 37 0 244613.0 22.0
a 40 38 0 244613.0 22.0
a 40 39 0 244613.0 40.0
a 40 39 0 244613.0 22.0
a 40 38 0 244613.0 19.0
a 40 37 0 244613.0 16.0
a 40 29 0 244613.0 1301.0
a 40 19 0 244613.0 35443.0
a 41 37 0 769076.0 1.0
a 41 38 0 769076.0 1.0
a 41 39 0 769076.0 2.0
a 41 40 0 769076.0 1.0
a 41 40 0 769076.0 1.0
a 41 39 0 769076.0 2.0
a 41 38 0 769076.0 1.0
a 41 37 0 769076.0 1.0
a 42 0 0 244613.0 57476.0
a 42 14 0 244613.0 9561.0
a 42 14 0 244613.0 9692.0
a 42 0 0 244613.0 58556.0
a 43 27 0 244613.0 13788.0
a 43 29 0 244613.0 14213.0
a 43 38 0 244613.0 14259.0
a 43 38 0 244613.0 14519.0
a 43 29 0 244613.0 14016.0
a 43 27 0 244613.0 14663.0
a 44 30 0 244613.0 10637.0
a 44 32 0 244613.0 11302.0
a 44 39 0 244613.0 12236.0
a 44 39 0 244613.0 12268.0
a 44 32 0 244613.0 10808.0
a 44 30 0 244613.0 10680.0
a 45 17 0 244613.0 61268.0
a 45 34 0 244613.0 1772.0
a 45 34 0 244613.0 1764.0
a 45 17 0 244613.0 61644.0
a 46 28 0 244613.0 1129.0
a 46 31 0 244613.0 1148.0
a 46 37 0 244613.0 166.0
a 46 38 0 244613.0 160.0
a 46 40 0 244613.0 162.0
a 46 40 0 244613.0 169.0
a 46 38 0 244613.0 168.0
a 46 37 0 244613.0 186.0
a 46 31 0 244613.0 1191.0
a 46 28 0 244613.0 1133.0
a 47 48 0 244613.0 4.0
a 47 48 0 244613.0 4.0
a 47 14 0 244613.0 250354.0
a 47 24 0 244613.0 4.0
a 47 25 0 244613.0 6.0
a 47 26 0 769076.0 1.0
a 47 25 0 244613.0 5.0
a 47 24 0 244613.0 4.0
a 47 26 0 769076.0 1.0
a 47 14 0 244613.0 261336.0
a 48 24 0 244613.0 4.0
a 48 25 0 244613.0 7.0
a 48 26 0 769076.0 1.0
a 48 35 0 244613.0 110350.0
a 48 47 0 244613.0 4.0
a 48 47 0 244613.0 4.0
a 48 25 0 244613.0 5.0
a 48 24 0 244613.0 5.0
a 48 26 0 769076.0 1.0
a 48 35 0 244613.0 106042.0
