p min 49 520
n 15 -769119.0
n 16 12506.0
n 17 12506.0
n 19 31265.0
n 20 31265.0
n 21 31265.0
n 22 31265.0
n 24 12506.0
n 25 12506.0
n 27 18759.0
n 28 18759.0
n 29 18759.0
n 30 18759.0
n 31 18759.0
n 32 18759.0
n 34 25012.0
n 35 25012.0
n 37 50024.0
n 38 50024.0
n 39 56277.0
n 40 50024.0
n 42 37518.0
n 43 56277.0
n 44 37518.0
n 45 12506.0
n 46 56277.0
n 47 12506.0
n 48 12506.0
a 0 4 0 769119.0 1.0
a 0 8 0 444730.0 56488.0
a 0 42 0 444730.0 75590.0
a 0 3 0 444730.0 10.0
a 0 2 0 444730.0 12.0
a 0 1 0 444730.0 14.0
a 0 1 0 444730.0 19.0
a 0 2 0 444730.0 14.0
a 0 3 0 444730.0 12.0
a 0 4 0 769119.0 1.0
a 0 8 0 444730.0 59697.0
a 0 42 0 444730.0 76175.0
a 0 1 0 444730.0 0.0
a 0 1 0 444730.0 0.0
a 0 2 0 444730.0 0.0
a 0 2 0 444730.0 0.0
a 0 3 0 444730.0 0.0
a 0 3 0 444730.0 0.0
a 0 4 0 769119.0 0.0
a 0 4 0 769119.0 0.0
a 0 8 0 444730.0 0.0
a 0 8 0 444730.0 0.0
a 0 42 0 444730.0 0.0
a 0 42 0 444730.0 0.0
a 1 0 0 444730.0 0.0
a 1 0 0 444730.0 0.0
a 1 4 0 769119.0 2.0
a 1 20 0 444730.0 375845.0
a 1 39 0 444730.0 361464.0
a 1 3 0 444730.0 16.0
a 1 2 0 444730.0 16.0
a 1 2 0 444730.0 19.0
a 1 3 0 444730.0 15.0
a 1 4 0 769119.0 2.0
a 1 20 0 444730.0 398068.0
a 1 39 0 444730.0 370309.0
a 1 0 0 444730.0 14.0
a 1 0 0 444730.0 19.0
a 1 2 0 444730.0 0.0
a 1 2 0 444730.0 0.0
a 1 3 0 444730.0 0.0
a 1 3 0 444730.0 0.0
a 1 4 0 769119.0 0.0
a 1 4 0 769119.0 0.0
a 1 20 0 444730.0 0.0
a 1 20 0 444730.0 0.0
a 1 39 0 444730.0 0.0
a 1 39 0 444730.0 0.0
a 2 0 0 444730.0 0.0
a 2 0 0 444730.0 0.0
a 2 1 0 444730.0 0.0
a 2 1 0 444730.0 0.0
a 2 4 0 769119.0 1.0
a 2 32 0 444730.0 358639.0
a 2 16 0 444730.0 129712.0
a 2 3 0 444730.0 10.0
a 2 3 0 444730.0 17.0
a 2 4 0 769119.0 1.0
a 2 16 0 444730.0 132352.0
a 2 32 0 444730.0 355054.0
a 2 0 0 444730.0 12.0
a 2 1 0 444730.0 16.0
a 2 1 0 444730.0 19.0
a 2 0 0 444730.0 14.0
a 2 3 0 444730.0 0.0
a 2 3 0 444730.0 0.0
a 2 4 0 769119.0 0.0
a 2 4 0 769119.0 0.0
a 2 16 0 444730.0 0.0
a 2 16 0 444730.0 0.0
a 2 32 0 444730.0 0.0
a 2 32 0 444730.0 0.0
a 3 0 0 444730.0 0.0
a 3 0 0 444730.0 0.0
a 3 1 0 444730.0 0.0
a 3 1 0 444730.0 0.0
a 3 2 0 444730.0 0.0
a 3 2 0 444730.0 0.0
a 3 14 0 444730.0 73647.0
a 3 4 0 769119.0 1.0
a 3 27 0 444730.0 381118.0
a 3 4 0 769119.0 1.0
a 3 14 0 444730.0 75898.0
a 3 27 0 444730.0 368337.0
a 3 0 0 444730.0 10.0
a 3 1 0 444730.0 16.0
a 3 2 0 444730.0 10.0
a 3 2 0 444730.0 17.0
a 3 1 0 444730.0 15.0
a 3 0 0 444730.0 12.0
a 3 4 0 769119.0 0.0
a 3 4 0 769119.0 0.0
a 3 14 0 444730.0 0.0
a 3 14 0 444730.0 0.0
a 3 27 0 444730.0 0.0
a 3 27 0 444730.0 0.0
a 4 0 0 769119.0 0.0
a 4 0 0 769119.0 0.0
a 4 1 0 769119.0 0.0
a 4 1 0 769119.0 0.0
a 4 2 0 769119.0 0.0
a 4 2 0 769119.0 0.0
a 4 3 0 769119.0 0.0
a 4 3 0 769119.0 0.0
a 4 0 0 769119.0 1.0
a 4 1 0 769119.0 2.0
a 4 2 0 769119.0 1.0
a 4 3 0 769119.0 1.0
a 4 3 0 769119.0 1.0
a 4 2 0 769119.0 1.0
a 4 1 0 769119.0 2.0
a 4 0 0 769119.0 1.0
a 5 7 0 769119.0 1.0
a 5 20 0 444730.0 7064.0
a 5 10 0 444730.0 358061.0
a 5 6 0 769119.0 17.0
a 5 6 0 769119.0 11.0
a 5 7 0 769119.0 1.0
a 5 10 0 444730.0 352446.0
a 5 20 0 444730.0 7024.0
a 5 6 0 769119.0 0.0
a 5 6 0 769119.0 0.0
a 5 7 0 769119.0 0.0
a 5 7 0 769119.0 0.0
a 5 10 0 444730.0 0.0
a 5 10 0 444730.0 0.0
a 5 20 0 444730.0 0.0
a 5 20 0 444730.0 0.0
a 6 5 0 769119.0 0.0
a 6 5 0 769119.0 0.0
a 6 7 0 769119.0 1.0
a 6 37 0 444730.0 35424.0
a 6 29 0 444730.0 36057.0
a 6 7 0 769119.0 1.0
a 6 29 0 444730.0 35635.0
a 6 37 0 444730.0 35347.0
a 6 5 0 769119.0 17.0
a 6 5 0 769119.0 11.0
a 6 7 0 769119.0 0.0
a 6 7 0 769119.0 0.0
a 6 29 0 444730.0 0.0
a 6 29 0 444730.0 0.0
a 6 37 0 444730.0 0.0
a 6 37 0 444730.0 0.0
a 7 5 0 769119.0 0.0
a 7 5 0 769119.0 0.0
a 7 6 0 769119.0 0.0
a 7 6 0 769119.0 0.0
a 7 5 0 769119.0 1.0
a 7 6 0 769119.0 1.0
a 7 6 0 769119.0 1.0
a 7 5 0 769119.0 1.0
a 8 0 0 444730.0 0.0
a 8 0 0 444730.0 0.0
a 8 12 0 769119.0 2.0
a 8 25 0 444730.0 398186.0
a 8 11 0 444730.0 49.0
a 8 10 0 444730.0 27.0
a 8 9 0 444730.0 14.0
a 8 9 0 444730.0 20.0
a 8 10 0 444730.0 17.0
a 8 11 0 444730.0 27.0
a 8 12 0 769119.0 2.0
a 8 25 0 444730.0 411424.0
a 8 0 0 444730.0 56488.0
a 8 0 0 444730.0 59697.0
a 8 9 0 444730.0 0.0
a 8 9 0 444730.0 0.0
a 8 10 0 444730.0 0.0
a 8 10 0 444730.0 0.0
a 8 11 0 444730.0 0.0
a 8 11 0 444730.0 0.0
a 8 12 0 769119.0 0.0
a 8 12 0 769119.0 0.0
a 8 25 0 444730.0 0.0
a 8 25 0 444730.0 0.0
a 9 8 0 444730.0 0.0
a 9 8 0 444730.0 0.0
a 9 12 0 769119.0 2.0
a 9 14 0 444730.0 108447.0
a 9 35 0 444730.0 235434.0
a 9 17 0 444730.0 149790.0
a 9 11 0 444730.0 51.0
a 9 10 0 444730.0 21.0
a 9 10 0 444730.0 27.0
a 9 11 0 444730.0 29.0
a 9 12 0 769119.0 2.0
a 9 14 0 444730.0 108881.0
a 9 17 0 444730.0 150194.0
a 9 35 0 444730.0 232285.0
a 9 8 0 444730.0 14.0
a 9 8 0 444730.0 20.0
a 9 10 0 444730.0 0.0
a 9 10 0 444730.0 0.0
a 9 11 0 444730.0 0.0
a 9 11 0 444730.0 0.0
a 9 12 0 769119.0 0.0
a 9 12 0 769119.0 0.0
a 9 14 0 444730.0 0.0
a 9 14 0 444730.0 0.0
a 9 17 0 444730.0 0.0
a 9 17 0 444730.0 0.0
a 9 35 0 444730.0 0.0
a 9 35 0 444730.0 0.0
a 10 5 0 444730.0 0.0
a 10 5 0 444730.0 0.0
a 10 8 0 444730.0 0.0
a 10 8 0 444730.0 0.0
a 10 9 0 444730.0 0.0
a 10 9 0 444730.0 0.0
a 10 11 0 444730.0 17.0
a 10 12 0 769119.0 2.0
a 10 28 0 444730.0 338950.0
a 10 11 0 444730.0 19.0
a 10 12 0 769119.0 2.0
a 10 28 0 444730.0 338045.0
a 10 5 0 444730.0 358061.0
a 10 8 0 444730.0 27.0
a 10 9 0 444730.0 21.0
a 10 9 0 444730.0 27.0
a 10 8 0 444730.0 17.0
a 10 5 0 444730.0 352446.0
a 10 11 0 444730.0 0.0
a 10 11 0 444730.0 0.0
a 10 12 0 769119.0 0.0
a 10 12 0 769119.0 0.0
a 10 28 0 444730.0 0.0
a 10 28 0 444730.0 0.0
a 11 8 0 444730.0 0.0
a 11 8 0 444730.0 0.0
a 11 9 0 444730.0 0.0
a 11 9 0 444730.0 0.0
a 11 10 0 444730.0 0.0
a 11 10 0 444730.0 0.0
a 11 38 0 444730.0 333359.0
a 11 12 0 769119.0 3.0
a 11 31 0 444730.0 330382.0
a 11 21 0 444730.0 351590.0
a 11 12 0 769119.0 3.0
a 11 21 0 444730.0 353686.0
a 11 31 0 444730.0 335595.0
a 11 38 0 444730.0 337880.0
a 11 8 0 444730.0 49.0
a 11 9 0 444730.0 51.0
a 11 10 0 444730.0 17.0
a 11 10 0 444730.0 19.0
a 11 9 0 444730.0 29.0
a 11 8 0 444730.0 27.0
a 11 12 0 769119.0 0.0
a 11 12 0 769119.0 0.0
a 11 21 0 444730.0 0.0
a 11 21 0 444730.0 0.0
a 11 31 0 444730.0 0.0
a 11 31 0 444730.0 0.0
a 11 38 0 444730.0 0.0
a 11 38 0 444730.0 0.0
a 12 8 0 769119.0 0.0
a 12 8 0 769119.0 0.0
a 12 9 0 769119.0 0.0
a 12 9 0 769119.0 0.0
a 12 10 0 769119.0 0.0
a 12 10 0 769119.0 0.0
a 12 11 0 769119.0 0.0
a 12 11 0 769119.0 0.0
a 12 8 0 769119.0 2.0
a 12 9 0 769119.0 2.0
a 12 10 0 769119.0 2.0
a 12 11 0 769119.0 3.0
a 12 11 0 769119.0 3.0
a 12 10 0 769119.0 2.0
a 12 9 0 769119.0 2.0
a 12 8 0 769119.0 2.0
a 13 35 0 444730.0 133640.0
a 13 15 0 769119.0 1.0
a 13 31 0 444730.0 422849.0
a 13 38 0 444730.0 415850.0
a 13 14 0 769119.0 18.0
a 13 14 0 769119.0 16.0
a 13 15 0 769119.0 1.0
a 13 31 0 444730.0 424389.0
a 13 35 0 444730.0 140388.0
a 13 38 0 444730.0 424992.0
a 13 14 0 769119.0 0.0
a 13 14 0 769119.0 0.0
a 13 15 0 769119.0 0.0
a 13 15 0 769119.0 0.0
a 13 31 0 444730.0 0.0
a 13 31 0 444730.0 0.0
a 13 35 0 444730.0 0.0
a 13 35 0 444730.0 0.0
a 13 38 0 444730.0 0.0
a 13 38 0 444730.0 0.0
a 14 3 0 444730.0 0.0
a 14 3 0 444730.0 0.0
a 14 9 0 444730.0 0.0
a 14 9 0 444730.0 0.0
a 14 13 0 769119.0 0.0
a 14 13 0 769119.0 0.0
a 14 47 0 444730.0 305774.0
a 14 42 0 444730.0 9740.0
a 14 15 0 769119.0 1.0
a 14 15 0 769119.0 1.0
a 14 42 0 444730.0 9760.0
a 14 47 0 444730.0 308386.0
a 14 3 0 444730.0 73647.0
a 14 9 0 444730.0 108447.0
a 14 13 0 769119.0 18.0
a 14 3 0 444730.0 75898.0
a 14 13 0 769119.0 16.0
a 14 9 0 444730.0 108881.0
a 14 15 0 769119.0 0.0
a 14 15 0 769119.0 0.0
a 14 42 0 444730.0 0.0
a 14 42 0 444730.0 0.0
a 14 47 0 444730.0 0.0
a 14 47 0 444730.0 0.0
a 15 13 0 769119.0 0.0
a 15 13 0 769119.0 0.0
a 15 14 0 769119.0 0.0
a 15 14 0 769119.0 0.0
a 15 13 0 769119.0 1.0
a 15 14 0 769119.0 1.0
a 15 14 0 769119.0 1.0
a 15 13 0 769119.0 1.0
a 16 2 0 444730.0 0.0
a 16 2 0 444730.0 0.0
a 16 18 0 769119.0 2.0
a 16 39 0 444730.0 479007.0
a 16 17 0 769119.0 21.0
a 16 17 0 769119.0 13.0
a 16 18 0 769119.0 2.0
a 16 39 0 444730.0 471006.0
a 16 2 0 444730.0 129712.0
a 16 2 0 444730.0 132352.0
a 16 17 0 769119.0 0.0
a 16 17 0 769119.0 0.0
a 16 18 0 769119.0 0.0
a 16 18 0 769119.0 0.0
a 16 39 0 444730.0 0.0
a 16 39 0 444730.0 0.0
a 17 9 0 444730.0 0.0
a 17 9 0 444730.0 0.0
a 17 16 0 769119.0 0.0
a 17 16 0 769119.0 0.0
a 17 18 0 769119.0 1.0
a 17 34 0 444730.0 85936.0
a 17 45 0 444730.0 85331.0
a 17 18 0 769119.0 1.0
a 17 34 0 444730.0 86706.0
a 17 45 0 444730.0 92858.0
a 17 9 0 444730.0 149790.0
a 17 16 0 769119.0 21.0
a 17 16 0 769119.0 13.0
a 17 9 0 444730.0 150194.0
a 17 18 0 769119.0 0.0
a 17 18 0 769119.0 0.0
a 17 34 0 444730.0 0.0
a 17 34 0 444730.0 0.0
a 17 45 0 444730.0 0.0
a 17 45 0 444730.0 0.0
a 18 16 0 769119.0 0.0
a 18 16 0 769119.0 0.0
a 18 17 0 769119.0 0.0
a 18 17 0 769119.0 0.0
a 18 16 0 769119.0 2.0
a 18 17 0 769119.0 1.0
a 18 17 0 769119.0 1.0
a 18 16 0 769119.0 2.0
a 19 23 0 769119.0 1.0
a 19 40 0 444730.0 40208.0
a 19 22 0 444730.0 5.0
a 19 21 0 444730.0 14.0
a 19 20 0 444730.0 13.0
a 19 20 0 444730.0 9.0
a 19 21 0 444730.0 16.0
a 19 22 0 444730.0 7.0
a 19 23 0 769119.0 1.0
a 19 40 0 444730.0 42492.0
a 19 20 0 444730.0 0.0
a 19 20 0 444730.0 0.0
a 19 21 0 444730.0 0.0
a 19 21 0 444730.0 0.0
a 19 22 0 444730.0 0.0
a 19 22 0 444730.0 0.0
a 19 23 0 769119.0 0.0
a 19 23 0 769119.0 0.0
a 19 40 0 444730.0 0.0
a 19 40 0 444730.0 0.0
a 20 1 0 444730.0 0.0
a 20 1 0 444730.0 0.0
a 20 5 0 444730.0 0.0
a 20 5 0 444730.0 0.0
a 20 19 0 444730.0 0.0
a 20 19 0 444730.0 0.0
a 20 23 0 769119.0 1.0
a 20 22 0 444730.0 14.0
a 20 21 0 444730.0 19.0
a 20 21 0 444730.0 11.0
a 20 22 0 444730.0 7.0
a 20 23 0 769119.0 1.0
a 20 1 0 444730.0 375845.0
a 20 5 0 444730.0 7064.0
a 20 19 0 444730.0 13.0
a 20 19 0 444730.0 9.0
a 20 5 0 444730.0 7024.0
a 20 1 0 444730.0 398068.0
a 20 21 0 444730.0 0.0
a 20 21 0 444730.0 0.0
a 20 22 0 444730.0 0.0
a 20 22 0 444730.0 0.0
a 20 23 0 769119.0 0.0
a 20 23 0 769119.0 0.0
a 21 11 0 444730.0 0.0
a 21 11 0 444730.0 0.0
a 21 19 0 444730.0 0.0
a 21 19 0 444730.0 0.0
a 21 20 0 444730.0 0.0
a 21 20 0 444730.0 0.0
a 21 23 0 769119.0 1.0
a 21 22 0 444730.0 16.0
a 21 22 0 444730.0 30.0
a 21 23 0 769119.0 1.0
a 21 11 0 444730.0 351590.0
a 21 19 0 444730.0 14.0
a 21 20 0 444730.0 19.0
a 21 20 0 444730.0 11.0
a 21 19 0 444730.0 16.0
a 21 11 0 444730.0 353686.0
a 21 22 0 444730.0 0.0
a 21 22 0 444730.0 0.0
a 21 23 0 769119.0 0.0
a 21 23 0 769119.0 0.0
a 22 19 0 444730.0 0.0
a 22 19 0 444730.0 0.0
a 22 20 0 444730.0 0.0
a 22 20 0 444730.0 0.0
a 22 21 0 444730.0 0.0
a 22 21 0 444730.0 0.0
a 22 23 0 769119.0 1.0
a 22 27 0 444730.0 40427.0
a 22 23 0 769119.0 1.0
a 22 27 0 444730.0 40657.0
a 22 19 0 444730.0 5.0
a 22 20 0 444730.0 14.0
a 22 21 0 444730.0 16.0
a 22 21 0 444730.0 30.0
a 22 20 0 444730.0 7.0
a 22 19 0 444730.0 7.0
a 22 23 0 769119.0 0.0
a 22 23 0 769119.0 0.0
a 22 27 0 444730.0 0.0
a 22 27 0 444730.0 0.0
a 23 19 0 769119.0 0.0
a 23 19 0 769119.0 0.0
a 23 20 0 769119.0 0.0
a 23 20 0 769119.0 0.0
a 23 21 0 769119.0 0.0
a 23 21 0 769119.0 0.0
a 23 22 0 769119.0 0.0
a 23 22 0 769119.0 0.0
a 23 19 0 769119.0 1.0
a 23 20 0 769119.0 1.0
a 23 21 0 769119.0 1.0
a 23 22 0 769119.0 1.0
a 23 22 0 769119.0 1.0
a 23 21 0 769119.0 1.0
a 23 20 0 769119.0 1.0
a 23 19 0 769119.0 1.0
a 24 25 0 444730.0 5.0
a 24 47 0 444730.0 4.0
a 24 48 0 444730.0 4.0
a 24 26 0 769119.0 1.0
a 24 30 0 444730.0 754343.0
a 24 25 0 444730.0 4.0
a 24 26 0 769119.0 1.0
a 24 30 0 444730.0 758666.0
a 24 47 0 444730.0 3.0
a 24 48 0 444730.0 4.0
a 24 25 0 444730.0 0.0
a 24 25 0 444730.0 0.0
a 24 26 0 769119.0 0.0
a 24 26 0 769119.0 0.0
a 24 30 0 444730.0 0.0
a 24 30 0 444730.0 0.0
a 24 47 0 444730.0 0.0
a 24 47 0 444730.0 0.0
a 24 48 0 444730.0 0.0
a 24 48 0 444730.0 0.0
a 25 8 0 444730.0 0.0
a 25 8 0 444730.0 0.0
a 25 24 0 444730.0 0.0
a 25 24 0 444730.0 0.0
a 25 47 0 444730.0 11.0
a 25 48 0 444730.0 6.0
a 25 26 0 769119.0 1.0
a 25 26 0 769119.0 1.0
a 25 47 0 444730.0 5.0
a 25 48 0 444730.0 4.0
a 25 8 0 444730.0 398186.0
a 25 24 0 444730.0 5.0
a 25 24 0 444730.0 4.0
a 25 8 0 444730.0 411424.0
a 25 26 0 769119.0 0.0
a 25 26 0 769119.0 0.0
a 25 47 0 444730.0 0.0
a 25 47 0 444730.0 0.0
a 25 48 0 444730.0 0.0
a 25 48 0 444730.0 0.0
a 26 24 0 769119.0 0.0
a 26 24 0 769119.0 0.0
a 26 25 0 769119.0 0.0
a 26 25 0 769119.0 0.0
a 26 47 0 769119.0 1.0
a 26 48 0 769119.0 1.0
a 26 47 0 769119.0 1.0
a 26 48 0 769119.0 1.0
a 26 24 0 769119.0 1.0
a 26 25 0 769119.0 1.0
a 26 25 0 769119.0 1.0
a 26 24 0 769119.0 1.0
a 26 47 0 769119.0 0.0
a 26 47 0 769119.0 0.0
a 26 48 0 769119.0 0.0
a 26 48 0 769119.0 0.0
a 27 3 0 444730.0 0.0
a 27 3 0 444730.0 0.0
a 27 22 0 444730.0 0.0
a 27 22 0 444730.0 0.0
a 27 33 0 769119.0 1.0
a 27 43 0 444730.0 16039.0
a 27 32 0 444730.0 13.0
a 27 31 0 444730.0 45.0
a 27 30 0 444730.0 20.0
a 27 29 0 444730.0 15.0
a 27 28 0 444730.0 19.0
a 27 28 0 444730.0 11.0
a 27 29 0 444730.0 17.0
a 27 30 0 444730.0 15.0
a 27 31 0 444730.0 19.0
a 27 32 0 444730.0 17.0
a 27 33 0 769119.0 1.0
a 27 43 0 444730.0 17511.0
a 27 3 0 444730.0 381118.0
a 27 22 0 444730.0 40427.0
a 27 22 0 444730.0 40657.0
a 27 3 0 444730.0 368337.0
a 27 28 0 444730.0 0.0
a 27 28 0 444730.0 0.0
a 27 29 0 444730.0 0.0
a 27 29 0 444730.0 0.0
a 27 30 0 444730.0 0.0
a 27 30 0 444730.0 0.0
a 27 31 0 444730.0 0.0
a 27 31 0 444730.0 0.0
a 27 32 0 444730.0 0.0
a 27 32 0 444730.0 0.0
a 27 33 0 769119.0 0.0
a 27 33 0 769119.0 0.0
a 27 43 0 444730.0 0.0
a 27 43 0 444730.0 0.0
a 28 10 0 444730.0 0.0
a 28 10 0 444730.0 0.0
a 28 27 0 444730.0 0.0
a 28 27 0 444730.0 0.0
a 28 33 0 769119.0 1.0
a 28 37 0 444730.0 1474.0
a 28 46 0 444730.0 1498.0
a 28 32 0 444730.0 20.0
a 28 31 0 444730.0 5.0
a 28 30 0 444730.0 74.0
a 28 29 0 444730.0 13.0
a 28 29 0 444730.0 14.0
a 28 30 0 444730.0 13.0
a 28 31 0 444730.0 6.0
a 28 32 0 444730.0 11.0
a 28 33 0 769119.0 1.0
a 28 37 0 444730.0 1792.0
a 28 46 0 444730.0 1265.0
a 28 10 0 444730.0 338950.0
a 28 27 0 444730.0 19.0
a 28 27 0 444730.0 11.0
a 28 10 0 444730.0 338045.0
a 28 29 0 444730.0 0.0
a 28 29 0 444730.0 0.0
a 28 30 0 444730.0 0.0
a 28 30 0 444730.0 0.0
a 28 31 0 444730.0 0.0
a 28 31 0 444730.0 0.0
a 28 32 0 444730.0 0.0
a 28 32 0 444730.0 0.0
a 28 33 0 769119.0 0.0
a 28 33 0 769119.0 0.0
a 28 37 0 444730.0 0.0
a 28 37 0 444730.0 0.0
a 28 46 0 444730.0 0.0
a 28 46 0 444730.0 0.0
a 29 6 0 444730.0 0.0
a 29 6 0 444730.0 0.0
a 29 27 0 444730.0 0.0
a 29 27 0 444730.0 0.0
a 29 28 0 444730.0 0.0
a 29 28 0 444730.0 0.0
a 29 33 0 769119.0 1.0
a 29 40 0 444730.0 1456.0
a 29 43 0 444730.0 16084.0
a 29 32 0 444730.0 14.0
a 29 31 0 444730.0 21.0
a 29 30 0 444730.0 64.0
a 29 30 0 444730.0 16.0
a 29 31 0 444730.0 16.0
a 29 32 0 444730.0 19.0
a 29 33 0 769119.0 1.0
a 29 40 0 444730.0 1461.0
a 29 43 0 444730.0 16098.0
a 29 6 0 444730.0 36057.0
a 29 27 0 444730.0 15.0
a 29 28 0 444730.0 13.0
a 29 28 0 444730.0 14.0
a 29 27 0 444730.0 17.0
a 29 6 0 444730.0 35635.0
a 29 30 0 444730.0 0.0
a 29 30 0 444730.0 0.0
a 29 31 0 444730.0 0.0
a 29 31 0 444730.0 0.0
a 29 32 0 444730.0 0.0
a 29 32 0 444730.0 0.0
a 29 33 0 769119.0 0.0
a 29 33 0 769119.0 0.0
a 29 40 0 444730.0 0.0
a 29 40 0 444730.0 0.0
a 29 43 0 444730.0 0.0
a 29 43 0 444730.0 0.0
a 30 24 0 444730.0 0.0
a 30 24 0 444730.0 0.0
a 30 27 0 444730.0 0.0
a 30 27 0 444730.0 0.0
a 30 28 0 444730.0 0.0
a 30 28 0 444730.0 0.0
a 30 29 0 444730.0 0.0
a 30 29 0 444730.0 0.0
a 30 33 0 769119.0 1.0
a 30 44 0 444730.0 13079.0
a 30 32 0 444730.0 15.0
a 30 31 0 444730.0 39.0
a 30 31 0 444730.0 21.0
a 30 32 0 444730.0 12.0
a 30 33 0 769119.0 1.0
a 30 44 0 444730.0 13086.0
a 30 24 0 444730.0 754343.0
a 30 27 0 444730.0 20.0
a 30 28 0 444730.0 74.0
a 30 29 0 444730.0 64.0
a 30 29 0 444730.0 16.0
a 30 28 0 444730.0 13.0
a 30 27 0 444730.0 15.0
a 30 24 0 444730.0 758666.0
a 30 31 0 444730.0 0.0
a 30 31 0 444730.0 0.0
a 30 32 0 444730.0 0.0
a 30 32 0 444730.0 0.0
a 30 33 0 769119.0 0.0
a 30 33 0 769119.0 0.0
a 30 44 0 444730.0 0.0
a 30 44 0 444730.0 0.0
a 31 11 0 444730.0 0.0
a 31 11 0 444730.0 0.0
a 31 13 0 444730.0 0.0
a 31 13 0 444730.0 0.0
a 31 27 0 444730.0 0.0
a 31 27 0 444730.0 0.0
a 31 28 0 444730.0 0.0
a 31 28 0 444730.0 0.0
a 31 29 0 444730.0 0.0
a 31 29 0 444730.0 0.0
a 31 30 0 444730.0 0.0
a 31 30 0 444730.0 0.0
a 31 33 0 769119.0 1.0
a 31 46 0 444730.0 1268.0
a 31 32 0 444730.0 34.0
a 31 32 0 444730.0 17.0
a 31 33 0 769119.0 1.0
a 31 46 0 444730.0 1465.0
a 31 11 0 444730.0 330382.0
a 31 13 0 444730.0 422849.0
a 31 27 0 444730.0 45.0
a 31 28 0 444730.0 5.0
a 31 29 0 444730.0 21.0
a 31 30 0 444730.0 39.0
a 31 30 0 444730.0 21.0
a 31 29 0 444730.0 16.0
a 31 28 0 444730.0 6.0
a 31 27 0 444730.0 19.0
a 31 13 0 444730.0 424389.0
a 31 11 0 444730.0 335595.0
a 31 32 0 444730.0 0.0
a 31 32 0 444730.0 0.0
a 31 33 0 769119.0 0.0
a 31 33 0 769119.0 0.0
a 31 46 0 444730.0 0.0
a 31 46 0 444730.0 0.0
a 32 2 0 444730.0 0.0
a 32 2 0 444730.0 0.0
a 32 27 0 444730.0 0.0
a 32 27 0 444730.0 0.0
a 32 28 0 444730.0 0.0
a 32 28 0 444730.0 0.0
a 32 29 0 444730.0 0.0
a 32 29 0 444730.0 0.0
a 32 30 0 444730.0 0.0
a 32 30 0 444730.0 0.0
a 32 31 0 444730.0 0.0
a 32 31 0 444730.0 0.0
a 32 33 0 769119.0 1.0
a 32 44 0 444730.0 13842.0
a 32 33 0 769119.0 1.0
a 32 44 0 444730.0 13231.0
a 32 2 0 444730.0 358639.0
a 32 27 0 444730.0 13.0
a 32 28 0 444730.0 20.0
a 32 29 0 444730.0 14.0
a 32 30 0 444730.0 15.0
a 32 31 0 444730.0 34.0
a 32 31 0 444730.0 17.0
a 32 30 0 444730.0 12.0
a 32 29 0 444730.0 19.0
a 32 28 0 444730.0 11.0
a 32 27 0 444730.0 17.0
a 32 2 0 444730.0 355054.0
a 32 33 0 769119.0 0.0
a 32 33 0 769119.0 0.0
a 32 44 0 444730.0 0.0
a 32 44 0 444730.0 0.0
a 33 27 0 769119.0 0.0
a 33 27 0 769119.0 0.0
a 33 28 0 769119.0 0.0
a 33 28 0 769119.0 0.0
a 33 29 0 769119.0 0.0
a 33 29 0 769119.0 0.0
a 33 30 0 769119.0 0.0
a 33 30 0 769119.0 0.0
a 33 31 0 769119.0 0.0
a 33 31 0 769119.0 0.0
a 33 32 0 769119.0 0.0
a 33 32 0 769119.0 0.0
a 33 27 0 769119.0 1.0
a 33 28 0 769119.0 1.0
a 33 29 0 769119.0 1.0
a 33 30 0 769119.0 1.0
a 33 31 0 769119.0 1.0
a 33 32 0 769119.0 1.0
a 33 32 0 769119.0 1.0
a 33 31 0 769119.0 1.0
a 33 30 0 769119.0 1.0
a 33 29 0 769119.0 1.0
a 33 28 0 769119.0 1.0
a 33 27 0 769119.0 1.0
a 34 17 0 444730.0 0.0
a 34 17 0 444730.0 0.0
a 34 37 0 444730.0 562980.0
a 34 36 0 769119.0 1.0
a 34 45 0 444730.0 2026.0
a 34 35 0 769119.0 24.0
a 34 35 0 769119.0 21.0
a 34 36 0 769119.0 1.0
a 34 37 0 444730.0 556703.0
a 34 45 0 444730.0 2091.0
a 34 17 0 444730.0 85936.0
a 34 17 0 444730.0 86706.0
a 34 35 0 769119.0 0.0
a 34 35 0 769119.0 0.0
a 34 36 0 769119.0 0.0
a 34 36 0 769119.0 0.0
a 34 37 0 444730.0 0.0
a 34 37 0 444730.0 0.0
a 34 45 0 444730.0 0.0
a 34 45 0 444730.0 0.0
a 35 9 0 444730.0 0.0
a 35 9 0 444730.0 0.0
a 35 13 0 444730.0 0.0
a 35 13 0 444730.0 0.0
a 35 34 0 769119.0 0.0
a 35 34 0 769119.0 0.0
a 35 48 0 444730.0 179833.0
a 35 36 0 769119.0 2.0
a 35 36 0 769119.0 2.0
a 35 48 0 444730.0 167885.0
a 35 9 0 444730.0 235434.0
a 35 13 0 444730.0 133640.0
a 35 34 0 769119.0 24.0
a 35 13 0 444730.0 140388.0
a 35 34 0 769119.0 21.0
a 35 9 0 444730.0 232285.0
a 35 36 0 769119.0 0.0
a 35 36 0 769119.0 0.0
a 35 48 0 444730.0 0.0
a 35 48 0 444730.0 0.0
a 36 34 0 769119.0 0.0
a 36 34 0 769119.0 0.0
a 36 35 0 769119.0 0.0
a 36 35 0 769119.0 0.0
a 36 34 0 769119.0 1.0
a 36 35 0 769119.0 2.0
a 36 35 0 769119.0 2.0
a 36 34 0 769119.0 1.0
a 37 6 0 444730.0 0.0
a 37 6 0 444730.0 0.0
a 37 28 0 444730.0 0.0
a 37 28 0 444730.0 0.0
a 37 34 0 444730.0 0.0
a 37 34 0 444730.0 0.0
a 37 41 0 769119.0 1.0
a 37 46 0 444730.0 204.0
a 37 40 0 444730.0 23.0
a 37 39 0 444730.0 57.0
a 37 38 0 444730.0 88.0
a 37 38 0 444730.0 19.0
a 37 39 0 444730.0 23.0
a 37 40 0 444730.0 23.0
a 37 41 0 769119.0 1.0
a 37 46 0 444730.0 194.0
a 37 6 0 444730.0 35424.0
a 37 28 0 444730.0 1474.0
a 37 34 0 444730.0 562980.0
a 37 34 0 444730.0 556703.0
a 37 28 0 444730.0 1792.0
a 37 6 0 444730.0 35347.0
a 37 38 0 444730.0 0.0
a 37 38 0 444730.0 0.0
a 37 39 0 444730.0 0.0
a 37 39 0 444730.0 0.0
a 37 40 0 444730.0 0.0
a 37 40 0 444730.0 0.0
a 37 41 0 769119.0 0.0
a 37 41 0 769119.0 0.0
a 37 46 0 444730.0 0.0
a 37 46 0 444730.0 0.0
a 38 11 0 444730.0 0.0
a 38 11 0 444730.0 0.0
a 38 13 0 444730.0 0.0
a 38 13 0 444730.0 0.0
a 38 37 0 444730.0 0.0
a 38 37 0 444730.0 0.0
a 38 41 0 769119.0 1.0
a 38 46 0 444730.0 194.0
a 38 43 0 444730.0 16554.0
a 38 40 0 444730.0 23.0
a 38 39 0 444730.0 39.0
a 38 39 0 444730.0 29.0
a 38 40 0 444730.0 23.0
a 38 41 0 769119.0 2.0
a 38 43 0 444730.0 16516.0
a 38 46 0 444730.0 194.0
a 38 11 0 444730.0 333359.0
a 38 13 0 444730.0 415850.0
a 38 37 0 444730.0 88.0
a 38 11 0 444730.0 337880.0
a 38 37 0 444730.0 19.0
a 38 13 0 444730.0 424992.0
a 38 39 0 444730.0 0.0
a 38 39 0 444730.0 0.0
a 38 40 0 444730.0 0.0
a 38 40 0 444730.0 0.0
a 38 41 0 769119.0 0.0
a 38 41 0 769119.0 0.0
a 38 43 0 444730.0 0.0
a 38 43 0 444730.0 0.0
a 38 46 0 444730.0 0.0
a 38 46 0 444730.0 0.0
a 39 1 0 444730.0 0.0
a 39 1 0 444730.0 0.0
a 39 16 0 444730.0 0.0
a 39 16 0 444730.0 0.0
a 39 37 0 444730.0 0.0
a 39 37 0 444730.0 0.0
a 39 38 0 444730.0 0.0
a 39 38 0 444730.0 0.0
a 39 41 0 769119.0 2.0
a 39 44 0 444730.0 14157.0
a 39 40 0 444730.0 34.0
a 39 40 0 444730.0 21.0
a 39 41 0 769119.0 2.0
a 39 44 0 444730.0 14107.0
a 39 1 0 444730.0 361464.0
a 39 16 0 444730.0 479007.0
a 39 37 0 444730.0 57.0
a 39 38 0 444730.0 39.0
a 39 38 0 444730.0 29.0
a 39 37 0 444730.0 23.0
a 39 16 0 444730.0 471006.0
a 39 1 0 444730.0 370309.0
a 39 40 0 444730.0 0.0
a 39 40 0 444730.0 0.0
a 39 41 0 769119.0 0.0
a 39 41 0 769119.0 0.0
a 39 44 0 444730.0 0.0
a 39 44 0 444730.0 0.0
a 40 19 0 444730.0 0.0
a 40 19 0 444730.0 0.0
a 40 29 0 444730.0 0.0
a 40 29 0 444730.0 0.0
a 40 37 0 444730.0 0.0
a 40 37 0 444730.0 0.0
a 40 38 0 444730.0 0.0
a 40 38 0 444730.0 0.0
a 40 39 0 444730.0 0.0
a 40 39 0 444730.0 0.0
a 40 41 0 769119.0 1.0
a 40 46 0 444730.0 193.0
a 40 41 0 769119.0 1.0
a 40 46 0 444730.0 191.0
a 40 19 0 444730.0 40208.0
a 40 29 0 444730.0 1456.0
a 40 37 0 444730.0 23.0
a 40 38 0 444730.0 23.0
a 40 39 0 444730.0 34.0
a 40 39 0 444730.0 21.0
a 40 38 0 444730.0 23.0
a 40 37 0 444730.0 23.0
a 40 29 0 444730.0 1461.0
a 40 19 0 444730.0 42492.0
a 40 41 0 769119.0 0.0
a 40 41 0 769119.0 0.0
a 40 46 0 444730.0 0.0
a 40 46 0 444730.0 0.0
a 41 37 0 769119.0 0.0
a 41 37 0 769119.0 0.0
a 41 38 0 769119.0 0.0
a 41 38 0 769119.0 0.0
a 41 39 0 769119.0 0.0
a 41 39 0 769119.0 0.0
a 41 40 0 769119.0 0.0
a 41 40 0 769119.0 0.0
a 41 37 0 769119.0 1.0
a 41 38 0 769119.0 1.0
a 41 39 0 769119.0 2.0
a 41 40 0 769119.0 1.0
a 41 40 0 769119.0 1.0
a 41 39 0 769119.0 2.0
a 41 38 0 769119.0 2.0
a 41 37 0 769119.0 1.0
a 42 0 0 444730.0 0.0
a 42 0 0 444730.0 0.0
a 42 14 0 444730.0 0.0
a 42 14 0 444730.0 0.0
a 42 0 0 444730.0 75590.0
a 42 14 0 444730.0 9740.0
a 42 14 0 444730.0 9760.0
a 42 0 0 444730.0 76175.0
a 43 27 0 444730.0 0.0
a 43 27 0 444730.0 0.0
a 43 29 0 444730.0 0.0
a 43 29 0 444730.0 0.0
a 43 38 0 444730.0 0.0
a 43 38 0 444730.0 0.0
a 43 27 0 444730.0 16039.0
a 43 29 0 444730.0 16084.0
a 43 38 0 444730.0 16554.0
a 43 38 0 444730.0 16516.0
a 43 29 0 444730.0 16098.0
a 43 27 0 444730.0 17511.0
a 44 30 0 444730.0 0.0
a 44 30 0 444730.0 0.0
a 44 32 0 444730.0 0.0
a 44 32 0 444730.0 0.0
a 44 39 0 444730.0 0.0
a 44 39 0 444730.0 0.0
a 44 30 0 444730.0 13079.0
a 44 32 0 444730.0 13842.0
a 44 39 0 444730.0 14157.0
a 44 39 0 444730.0 14107.0
a 44 32 0 444730.0 13231.0
a 44 30 0 444730.0 13086.0
a 45 17 0 444730.0 0.0
a 45 17 0 444730.0 0.0
a 45 34 0 444730.0 0.0
a 45 34 0 444730.0 0.0
a 45 17 0 444730.0 85331.0
a 45 34 0 444730.0 2026.0
a 45 34 0 444730.0 2091.0
a 45 17 0 444730.0 92858.0
a 46 28 0 444730.0 0.0
a 46 28 0 444730.0 0.0
a 46 31 0 444730.0 0.0
a 46 31 0 444730.0 0.0
a 46 37 0 444730.0 0.0
a 46 37 0 444730.0 0.0
a 46 38 0 444730.0 0.0
a 46 38 0 444730.0 0.0
a 46 40 0 444730.0 0.0
a 46 40 0 444730.0 0.0
a 46 28 0 444730.0 1498.0
a 46 31 0 444730.0 1268.0
a 46 37 0 444730.0 204.0
a 46 38 0 444730.0 194.0
a 46 40 0 444730.0 193.0
a 46 40 0 444730.0 191.0
a 46 38 0 444730.0 194.0
a 46 37 0 444730.0 194.0
a 46 31 0 444730.0 1465.0
a 46 28 0 444730.0 1265.0
a 47 14 0 444730.0 0.0
a 47 14 0 444730.0 0.0
a 47 24 0 444730.0 0.0
a 47 24 0 444730.0 0.0
a 47 25 0 444730.0 0.0
a 47 25 0 444730.0 0.0
a 47 26 0 769119.0 0.0
a 47 26 0 769119.0 0.0
a 47 48 0 444730.0 4.0
a 47 48 0 444730.0 4.0
a 47 14 0 444730.0 305774.0
a 47 24 0 444730.0 4.0
a 47 25 0 444730.0 11.0
a 47 26 0 769119.0 1.0
a 47 25 0 444730.0 5.0
a 47 24 0 444730.0 3.0
a 47 26 0 769119.0 1.0
a 47 14 0 444730.0 308386.0
a 47 48 0 444730.0 0.0
a 47 48 0 444730.0 0.0
a 48 24 0 444730.0 0.0
a 48 24 0 444730.0 0.0
a 48 25 0 444730.0 0.0
a 48 25 0 444730.0 0.0
a 48 26 0 769119.0 0.0
a 48 26 0 769119.0 0.0
a 48 35 0 444730.0 0.0
a 48 35 0 444730.0 0.0
a 48 47 0 444730.0 0.0
a 48 47 0 444730.0 0.0
a 48 24 0 444730.0 4.0
a 48 25 0 444730.0 6.0
a 48 26 0 769119.0 1.0
a 48 35 0 444730.0 179833.0
a 48 47 0 444730.0 4.0
a 48 47 0 444730.0 4.0
a 48 25 0 444730.0 4.0
a 48 24 0 444730.0 4.0
a 48 26 0 769119.0 1.0
a 48 35 0 444730.0 167885.0
