p min 49 520
n 15 -769119.0
n 16 12506.0
n 17 12506.0
n 19 31265.0
n 20 31265.0
n 21 31265.0
n 22 31265.0
n 24 12506.0
n 25 12506.0
n 27 18759.0
n 28 18759.0
n 29 18759.0
n 30 18759.0
n 31 18759.0
n 32 18759.0
n 34 25012.0
n 35 25012.0
n 37 50024.0
n 38 50024.0
n 39 56277.0
n 40 50024.0
n 42 37518.0
n 43 56277.0
n 44 37518.0
n 45 12506.0
n 46 56277.0
n 47 12506.0
n 48 12506.0
a 0 4 0 769119.0 1.0
a 0 8 0 438619.0 36557.0
a 0 42 0 438619.0 49648.0
a 0 3 0 438619.0 1.0
a 0 2 0 438619.0 1.0
a 0 1 0 438619.0 1.0
a 0 1 0 438619.0 1.0
a 0 2 0 438619.0 1.0
a 0 3 0 438619.0 1.0
a 0 4 0 769119.0 1.0
a 0 8 0 438619.0 38172.0
a 0 42 0 438619.0 49678.0
a 1 4 0 769119.0 1.0
a 1 20 0 438619.0 397415.0
a 1 39 0 438619.0 396610.0
a 1 3 0 438619.0 1.0
a 1 2 0 438619.0 1.0
a 1 2 0 438619.0 1.0
a 1 3 0 438619.0 1.0
a 1 4 0 769119.0 1.0
a 1 20 0 438619.0 389278.0
a 1 39 0 438619.0 391068.0
a 1 0 0 438619.0 1.0
a 1 0 0 438619.0 1.0
a 2 4 0 769119.0 1.0
a 2 32 0 438619.0 385221.0
a 2 16 0 438619.0 118956.0
a 2 3 0 438619.0 1.0
a 2 3 0 438619.0 1.0
a 2 4 0 769119.0 1.0
a 2 16 0 438619.0 118355.0
a 2 32 0 438619.0 379140.0
a 2 0 0 438619.0 1.0
a 2 1 0 438619.0 1.0
a 2 1 0 438619.0 1.0
a 2 0 0 438619.0 1.0
a 3 14 0 438619.0 54127.0
a 3 4 0 769119.0 1.0
a 3 27 0 438619.0 382342.0
a 3 4 0 769119.0 1.0
a 3 14 0 438619.0 53779.0
a 3 27 0 438619.0 393913.0
a 3 0 0 438619.0 1.0
a 3 1 0 438619.0 1.0
a 3 2 0 438619.0 1.0
a 3 2 0 438619.0 1.0
a 3 1 0 438619.0 1.0
a 3 0 0 438619.0 1.0
a 4 0 0 769119.0 1.0
a 4 1 0 769119.0 1.0
a 4 2 0 769119.0 1.0
a 4 3 0 769119.0 1.0
a 4 3 0 769119.0 1.0
a 4 2 0 769119.0 1.0
a 4 1 0 769119.0 1.0
a 4 0 0 769119.0 1.0
a 5 7 0 769119.0 1.0
a 5 20 0 438619.0 2989.0
a 5 10 0 438619.0 364595.0
a 5 6 0 769119.0 1.0
a 5 6 0 769119.0 1.0
a 5 7 0 769119.0 1.0
a 5 10 0 438619.0 362467.0
a 5 20 0 438619.0 3040.0
a 6 7 0 769119.0 1.0
a 6 37 0 438619.0 21663.0
a 6 29 0 438619.0 21731.0
a 6 7 0 769119.0 1.0
a 6 29 0 438619.0 20795.0
a 6 37 0 438619.0 21890.0
a 6 5 0 769119.0 1.0
a 6 5 0 769119.0 1.0
a 7 5 0 769119.0 1.0
a 7 6 0 769119.0 1.0
a 7 6 0 769119.0 1.0
a 7 5 0 769119.0 1.0
a 8 12 0 769119.0 1.0
a 8 25 0 438619.0 394818.0
a 8 11 0 438619.0 4.0
a 8 10 0 438619.0 2.0
a 8 9 0 438619.0 1.0
a 8 9 0 438619.0 1.0
a 8 10 0 438619.0 1.0
a 8 11 0 438619.0 2.0
a 8 12 0 769119.0 1.0
a 8 25 0 438619.0 394150.0
a 8 0 0 438619.0 36557.0
a 8 0 0 438619.0 38172.0
a 9 12 0 769119.0 1.0
a 9 14 0 438619.0 81137.0
a 9 35 0 438619.0 208271.0
a 9 17 0 438619.0 141276.0
a 9 11 0 438619.0 4.0
a 9 10 0 438619.0 2.0
a 9 10 0 438619.0 2.0
a 9 11 0 438619.0 3.0
a 9 12 0 769119.0 1.0
a 9 14 0 438619.0 81582.0
a 9 17 0 438619.0 142241.0
a 9 35 0 438619.0 204910.0
a 9 8 0 438619.0 1.0
a 9 8 0 438619.0 1.0
a 10 11 0 438619.0 1.0
a 10 12 0 769119.0 1.0
a 10 28 0 438619.0 357165.0
a 10 11 0 438619.0 1.0
a 10 12 0 769119.0 1.0
a 10 28 0 438619.0 359282.0
a 10 5 0 438619.0 364595.0
a 10 8 0 438619.0 2.0
a 10 9 0 438619.0 2.0
a 10 9 0 438619.0 2.0
a 10 8 0 438619.0 1.0
a 10 5 0 438619.0 362467.0
a 11 38 0 438619.0 366463.0
a 11 12 0 769119.0 1.0
a 11 31 0 438619.0 364307.0
a 11 21 0 438619.0 370267.0
a 11 12 0 769119.0 1.0
a 11 21 0 438619.0 364917.0
a 11 31 0 438619.0 370729.0
a 11 38 0 438619.0 356424.0
a 11 8 0 438619.0 4.0
a 11 9 0 438619.0 4.0
a 11 10 0 438619.0 1.0
a 11 10 0 438619.0 1.0
a 11 9 0 438619.0 3.0
a 11 8 0 438619.0 2.0
a 12 8 0 769119.0 1.0
a 12 9 0 769119.0 1.0
a 12 10 0 769119.0 1.0
a 12 11 0 769119.0 1.0
a 12 11 0 769119.0 1.0
a 12 10 0 769119.0 1.0
a 12 9 0 769119.0 1.0
a 12 8 0 769119.0 1.0
a 13 35 0 438619.0 138745.0
a 13 15 0 769119.0 1.0
a 13 31 0 438619.0 427781.0
a 13 38 0 438619.0 426756.0
a 13 14 0 769119.0 1.0
a 13 14 0 769119.0 1.0
a 13 15 0 769119.0 1.0
a 13 31 0 438619.0 430459.0
a 13 35 0 438619.0 134508.0
a 13 38 0 438619.0 434785.0
a 14 47 0 438619.0 324730.0
a 14 42 0 438619.0 4193.0
a 14 15 0 769119.0 1.0
a 14 15 0 769119.0 1.0
a 14 42 0 438619.0 4190.0
a 14 47 0 438619.0 325702.0
a 14 3 0 438619.0 54127.0
a 14 9 0 438619.0 81137.0
a 14 13 0 769119.0 1.0
a 14 3 0 438619.0 53779.0
a 14 13 0 769119.0 1.0
a 14 9 0 438619.0 81582.0
a 15 13 0 769119.0 1.0
a 15 14 0 769119.0 1.0
a 15 14 0 769119.0 1.0
a 15 13 0 769119.0 1.0
a 16 18 0 769119.0 1.0
a 16 39 0 438619.0 491710.0
a 16 17 0 769119.0 1.0
a 16 17 0 769119.0 1.0
a 16 18 0 769119.0 1.0
a 16 39 0 438619.0 507245.0
a 16 2 0 438619.0 118956.0
a 16 2 0 438619.0 118355.0
a 17 18 0 769119.0 1.0
a 17 34 0 438619.0 67181.0
a 17 45 0 438619.0 67302.0
a 17 18 0 769119.0 1.0
a 17 34 0 438619.0 67152.0
a 17 45 0 438619.0 67144.0
a 17 9 0 438619.0 141276.0
a 17 16 0 769119.0 1.0
a 17 16 0 769119.0 1.0
a 17 9 0 438619.0 142241.0
a 18 16 0 769119.0 1.0
a 18 17 0 769119.0 1.0
a 18 17 0 769119.0 1.0
a 18 16 0 769119.0 1.0
a 19 23 0 769119.0 1.0
a 19 40 0 438619.0 22312.0
a 19 22 0 438619.0 1.0
a 19 21 0 438619.0 1.0
a 19 20 0 438619.0 1.0
a 19 20 0 438619.0 1.0
a 19 21 0 438619.0 1.0
a 19 22 0 438619.0 1.0
a 19 23 0 769119.0 1.0
a 19 40 0 438619.0 22450.0
a 20 23 0 769119.0 1.0
a 20 22 0 438619.0 1.0
a 20 21 0 438619.0 1.0
a 20 21 0 438619.0 1.0
a 20 22 0 438619.0 1.0
a 20 23 0 769119.0 1.0
a 20 1 0 438619.0 397415.0
a 20 5 0 438619.0 2989.0
a 20 19 0 438619.0 1.0
a 20 19 0 438619.0 1.0
a 20 5 0 438619.0 3040.0
a 20 1 0 438619.0 389278.0
a 21 23 0 769119.0 1.0
a 21 22 0 438619.0 1.0
a 21 22 0 438619.0 2.0
a 21 23 0 769119.0 1.0
a 21 11 0 438619.0 370267.0
a 21 19 0 438619.0 1.0
a 21 20 0 438619.0 1.0
a 21 20 0 438619.0 1.0
a 21 19 0 438619.0 1.0
a 21 11 0 438619.0 364917.0
a 22 23 0 769119.0 1.0
a 22 27 0 438619.0 22421.0
a 22 23 0 769119.0 1.0
a 22 27 0 438619.0 22310.0
a 22 19 0 438619.0 1.0
a 22 20 0 438619.0 1.0
a 22 21 0 438619.0 1.0
a 22 21 0 438619.0 2.0
a 22 20 0 438619.0 1.0
a 22 19 0 438619.0 1.0
a 23 19 0 769119.0 1.0
a 23 20 0 769119.0 1.0
a 23 21 0 769119.0 1.0
a 23 22 0 769119.0 1.0
a 23 22 0 769119.0 1.0
a 23 21 0 769119.0 1.0
a 23 20 0 769119.0 1.0
a 23 19 0 769119.0 1.0
a 24 25 0 438619.0 1.0
a 24 47 0 438619.0 1.0
a 24 48 0 438619.0 1.0
a 24 26 0 769119.0 1.0
a 24 30 0 438619.0 758666.0
a 24 25 0 438619.0 1.0
a 24 26 0 769119.0 1.0
a 24 30 0 438619.0 748293.0
a 24 47 0 438619.0 1.0
a 24 48 0 438619.0 1.0
a 25 47 0 438619.0 1.0
a 25 48 0 438619.0 1.0
a 25 26 0 769119.0 1.0
a 25 26 0 769119.0 1.0
a 25 47 0 438619.0 1.0
a 25 48 0 438619.0 1.0
a 25 8 0 438619.0 394818.0
a 25 24 0 438619.0 1.0
a 25 24 0 438619.0 1.0
a 25 8 0 438619.0 394150.0
a 26 47 0 769119.0 1.0
a 26 48 0 769119.0 1.0
a 26 47 0 769119.0 1.0
a 26 48 0 769119.0 1.0
a 26 24 0 769119.0 1.0
a 26 25 0 769119.0 1.0
a 26 25 0 769119.0 1.0
a 26 24 0 769119.0 1.0
a 27 33 0 769119.0 1.0
a 27 43 0 438619.0 7371.0
a 27 32 0 438619.0 1.0
a 27 31 0 438619.0 3.0
a 27 30 0 438619.0 1.0
a 27 29 0 438619.0 1.0
a 27 28 0 438619.0 1.0
a 27 28 0 438619.0 1.0
a 27 29 0 438619.0 1.0
a 27 30 0 438619.0 1.0
a 27 31 0 438619.0 1.0
a 27 32 0 438619.0 1.0
a 27 33 0 769119.0 1.0
a 27 43 0 438619.0 7532.0
a 27 3 0 438619.0 382342.0
a 27 22 0 438619.0 22421.0
a 27 22 0 438619.0 22310.0
a 27 3 0 438619.0 393913.0
a 28 33 0 769119.0 1.0
a 28 37 0 438619.0 395.0
a 28 46 0 438619.0 398.0
a 28 32 0 438619.0 1.0
a 28 31 0 438619.0 1.0
a 28 30 0 438619.0 7.0
a 28 29 0 438619.0 1.0
a 28 29 0 438619.0 1.0
a 28 30 0 438619.0 1.0
a 28 31 0 438619.0 1.0
a 28 32 0 438619.0 1.0
a 28 33 0 769119.0 1.0
a 28 37 0 438619.0 394.0
a 28 46 0 438619.0 380.0
a 28 10 0 438619.0 357165.0
a 28 27 0 438619.0 1.0
a 28 27 0 438619.0 1.0
a 28 10 0 438619.0 359282.0
a 29 33 0 769119.0 1.0
a 29 40 0 438619.0 399.0
a 29 43 0 438619.0 7477.0
a 29 32 0 438619.0 1.0
a 29 31 0 438619.0 1.0
a 29 30 0 438619.0 6.0
a 29 30 0 438619.0 1.0
a 29 31 0 438619.0 1.0
a 29 32 0 438619.0 1.0
a 29 33 0 769119.0 1.0
a 29 40 0 438619.0 434.0
a 29 43 0 438619.0 7342.0
a 29 6 0 438619.0 21731.0
a 29 27 0 438619.0 1.0
a 29 28 0 438619.0 1.0
a 29 28 0 438619.0 1.0
a 29 27 0 438619.0 1.0
a 29 6 0 438619.0 20795.0
a 30 33 0 769119.0 1.0
a 30 44 0 438619.0 5788.0
a 30 32 0 438619.0 1.0
a 30 31 0 438619.0 3.0
a 30 31 0 438619.0 1.0
a 30 32 0 438619.0 1.0
a 30 33 0 769119.0 1.0
a 30 44 0 438619.0 5678.0
a 30 24 0 438619.0 758666.0
a 30 27 0 438619.0 1.0
a 30 28 0 438619.0 7.0
a 30 29 0 438619.0 6.0
a 30 29 0 438619.0 1.0
a 30 28 0 438619.0 1.0
a 30 27 0 438619.0 1.0
a 30 24 0 438619.0 748293.0
a 31 33 0 769119.0 1.0
a 31 46 0 438619.0 385.0
a 31 32 0 438619.0 2.0
a 31 32 0 438619.0 1.0
a 31 33 0 769119.0 1.0
a 31 46 0 438619.0 404.0
a 31 11 0 438619.0 364307.0
a 31 13 0 438619.0 427781.0
a 31 27 0 438619.0 3.0
a 31 28 0 438619.0 1.0
a 31 29 0 438619.0 1.0
a 31 30 0 438619.0 3.0
a 31 30 0 438619.0 1.0
a 31 29 0 438619.0 1.0
a 31 28 0 438619.0 1.0
a 31 27 0 438619.0 1.0
a 31 13 0 438619.0 430459.0
a 31 11 0 438619.0 370729.0
a 32 33 0 769119.0 1.0
a 32 44 0 438619.0 5617.0
a 32 33 0 769119.0 1.0
a 32 44 0 438619.0 5847.0
a 32 2 0 438619.0 385221.0
a 32 27 0 438619.0 1.0
a 32 28 0 438619.0 1.0
a 32 29 0 438619.0 1.0
a 32 30 0 438619.0 1.0
a 32 31 0 438619.0 2.0
a 32 31 0 438619.0 1.0
a 32 30 0 438619.0 1.0
a 32 29 0 438619.0 1.0
a 32 28 0 438619.0 1.0
a 32 27 0 438619.0 1.0
a 32 2 0 438619.0 379140.0
a 33 27 0 769119.0 1.0
a 33 28 0 769119.0 1.0
a 33 29 0 769119.0 1.0
a 33 30 0 769119.0 1.0
a 33 31 0 769119.0 1.0
a 33 32 0 769119.0 1.0
a 33 32 0 769119.0 1.0
a 33 31 0 769119.0 1.0
a 33 30 0 769119.0 1.0
a 33 29 0 769119.0 1.0
a 33 28 0 769119.0 1.0
a 33 27 0 769119.0 1.0
a 34 37 0 438619.0 570267.0
a 34 36 0 769119.0 1.0
a 34 45 0 438619.0 607.0
a 34 35 0 769119.0 1.0
a 34 35 0 769119.0 2.0
a 34 36 0 769119.0 1.0
a 34 37 0 438619.0 566611.0
a 34 45 0 438619.0 590.0
a 34 17 0 438619.0 67181.0
a 34 17 0 438619.0 67152.0
a 35 48 0 438619.0 192147.0
a 35 36 0 769119.0 1.0
a 35 36 0 769119.0 1.0
a 35 48 0 438619.0 195028.0
a 35 9 0 438619.0 208271.0
a 35 13 0 438619.0 138745.0
a 35 34 0 769119.0 1.0
a 35 13 0 438619.0 134508.0
a 35 34 0 769119.0 2.0
a 35 9 0 438619.0 204910.0
a 36 34 0 769119.0 1.0
a 36 35 0 769119.0 1.0
a 36 35 0 769119.0 1.0
a 36 34 0 769119.0 1.0
a 37 41 0 769119.0 1.0
a 37 46 0 438619.0 29.0
a 37 40 0 438619.0 1.0
a 37 39 0 438619.0 5.0
a 37 38 0 438619.0 9.0
a 37 38 0 438619.0 1.0
a 37 39 0 438619.0 1.0
a 37 40 0 438619.0 2.0
a 37 41 0 769119.0 1.0
a 37 46 0 438619.0 28.0
a 37 6 0 438619.0 21663.0
a 37 28 0 438619.0 395.0
a 37 34 0 438619.0 570267.0
a 37 34 0 438619.0 566611.0
a 37 28 0 438619.0 394.0
a 37 6 0 438619.0 21890.0
a 38 41 0 769119.0 1.0
a 38 46 0 438619.0 29.0
a 38 43 0 438619.0 7553.0
a 38 40 0 438619.0 1.0
a 38 39 0 438619.0 3.0
a 38 39 0 438619.0 2.0
a 38 40 0 438619.0 1.0
a 38 41 0 769119.0 1.0
a 38 43 0 438619.0 7610.0
a 38 46 0 438619.0 29.0
a 38 11 0 438619.0 366463.0
a 38 13 0 438619.0 426756.0
a 38 37 0 438619.0 9.0
a 38 11 0 438619.0 356424.0
a 38 37 0 438619.0 1.0
a 38 13 0 438619.0 434785.0
a 39 41 0 769119.0 1.0
a 39 44 0 438619.0 6118.0
a 39 40 0 438619.0 2.0
a 39 40 0 438619.0 1.0
a 39 41 0 769119.0 1.0
a 39 44 0 438619.0 5814.0
a 39 1 0 438619.0 396610.0
a 39 16 0 438619.0 491710.0
a 39 37 0 438619.0 5.0
a 39 38 0 438619.0 3.0
a 39 38 0 438619.0 2.0
a 39 37 0 438619.0 1.0
a 39 16 0 438619.0 507245.0
a 39 1 0 438619.0 391068.0
a 40 41 0 769119.0 1.0
a 40 46 0 438619.0 28.0
a 40 41 0 769119.0 1.0
a 40 46 0 438619.0 31.0
a 40 19 0 438619.0 22312.0
a 40 29 0 438619.0 399.0
a 40 37 0 438619.0 1.0
a 40 38 0 438619.0 1.0
a 40 39 0 438619.0 2.0
a 40 39 0 438619.0 1.0
a 40 38 0 438619.0 1.0
a 40 37 0 438619.0 2.0
a 40 29 0 438619.0 434.0
a 40 19 0 438619.0 22450.0
a 41 37 0 769119.0 1.0
a 41 38 0 769119.0 1.0
a 41 39 0 769119.0 1.0
a 41 40 0 769119.0 1.0
a 41 40 0 769119.0 1.0
a 41 39 0 769119.0 1.0
a 41 38 0 769119.0 1.0
a 41 37 0 769119.0 1.0
a 42 0 0 438619.0 49648.0
a 42 14 0 438619.0 4193.0
a 42 14 0 438619.0 4190.0
a 42 0 0 438619.0 49678.0
a 43 27 0 438619.0 7371.0
a 43 29 0 438619.0 7477.0
a 43 38 0 438619.0 7553.0
a 43 38 0 438619.0 7610.0
a 43 29 0 438619.0 7342.0
a 43 27 0 438619.0 7532.0
a 44 30 0 438619.0 5788.0
a 44 32 0 438619.0 5617.0
a 44 39 0 438619.0 6118.0
a 44 39 0 438619.0 5814.0
a 44 32 0 438619.0 5847.0
a 44 30 0 438619.0 5678.0
a 45 17 0 438619.0 67302.0
a 45 34 0 438619.0 607.0
a 45 34 0 438619.0 590.0
a 45 17 0 438619.0 67144.0
a 46 28 0 438619.0 398.0
a 46 31 0 438619.0 385.0
a 46 37 0 438619.0 29.0
a 46 38 0 438619.0 29.0
a 46 40 0 438619.0 28.0
a 46 40 0 438619.0 31.0
a 46 38 0 438619.0 29.0
a 46 37 0 438619.0 28.0
a 46 31 0 438619.0 404.0
a 46 28 0 438619.0 380.0
a 47 48 0 438619.0 1.0
a 47 48 0 438619.0 1.0
a 47 14 0 438619.0 324730.0
a 47 24 0 438619.0 1.0
a 47 25 0 438619.0 1.0
a 47 26 0 769119.0 1.0
a 47 25 0 438619.0 1.0
a 47 24 0 438619.0 1.0
a 47 26 0 769119.0 1.0
a 47 14 0 438619.0 325702.0
a 48 24 0 438619.0 1.0
a 48 25 0 438619.0 1.0
a 48 26 0 769119.0 1.0
a 48 35 0 438619.0 192147.0
a 48 47 0 438619.0 1.0
a 48 47 0 438619.0 1.0
a 48 25 0 438619.0 1.0
a 48 24 0 438619.0 1.0
a 48 26 0 769119.0 1.0
a 48 35 0 438619.0 195028.0
