p min 49 520
n 4 -769043.0
n 5 18271.0
n 6 18271.0
n 8 29898.0
n 9 29898.0
n 10 29898.0
n 11 31559.0
n 13 14949.0
n 14 14949.0
n 16 21593.0
n 17 21593.0
n 19 21593.0
n 20 21593.0
n 21 21593.0
n 22 21593.0
n 24 4983.0
n 25 6644.0
n 27 23254.0
n 28 21593.0
n 29 21593.0
n 30 21593.0
n 31 21593.0
n 32 21593.0
n 34 16610.0
n 35 16610.0
n 37 31559.0
n 38 31559.0
n 39 31559.0
n 40 29898.0
n 42 28237.0
n 43 48169.0
n 44 21593.0
n 45 3322.0
n 46 38203.0
n 47 6644.0
n 48 4983.0
a 0 4 0 769043.0 25706.0
a 0 8 0 393657.0 25706.0
a 0 42 0 393657.0 25706.0
a 0 3 0 393657.0 25706.0
a 0 2 0 393657.0 25706.0
a 0 1 0 393657.0 25706.0
a 0 1 0 393657.0 60561.0
a 0 2 0 393657.0 54022.0
a 0 3 0 393657.0 53256.0
a 0 4 0 769043.0 26651.0
a 0 8 0 393657.0 271309.0
a 0 42 0 393657.0 198156.0
a 1 4 0 769043.0 25706.0
a 1 20 0 393657.0 25706.0
a 1 39 0 393657.0 25706.0
a 1 3 0 393657.0 25706.0
a 1 2 0 393657.0 25706.0
a 1 2 0 393657.0 37801.0
a 1 3 0 393657.0 67891.0
a 1 4 0 769043.0 27480.0
a 1 20 0 393657.0 134752.0
a 1 39 0 393657.0 331360.0
a 1 0 0 393657.0 25706.0
a 1 0 0 393657.0 60561.0
a 2 4 0 769043.0 25706.0
a 2 32 0 393657.0 25706.0
a 2 16 0 393657.0 25706.0
a 2 3 0 393657.0 25706.0
a 2 3 0 393657.0 36736.0
a 2 4 0 769043.0 27267.0
a 2 16 0 393657.0 69858.0
a 2 32 0 393657.0 209806.0
a 2 0 0 393657.0 25706.0
a 2 1 0 393657.0 25706.0
a 2 1 0 393657.0 37801.0
a 2 0 0 393657.0 54022.0
a 3 14 0 393657.0 25706.0
a 3 4 0 769043.0 25706.0
a 3 27 0 393657.0 25706.0
a 3 4 0 769043.0 27019.0
a 3 14 0 393657.0 169347.0
a 3 27 0 393657.0 157676.0
a 3 0 0 393657.0 25706.0
a 3 1 0 393657.0 25706.0
a 3 2 0 393657.0 25706.0
a 3 2 0 393657.0 36736.0
a 3 1 0 393657.0 67891.0
a 3 0 0 393657.0 53256.0
a 4 0 0 769043.0 25706.0
a 4 1 0 769043.0 25706.0
a 4 2 0 769043.0 25706.0
a 4 3 0 769043.0 25706.0
a 4 3 0 769043.0 27019.0
a 4 2 0 769043.0 27267.0
a 4 1 0 769043.0 27480.0
a 4 0 0 769043.0 26651.0
a 5 7 0 769043.0 25706.0
a 5 20 0 393657.0 25706.0
a 5 10 0 393657.0 25706.0
a 5 6 0 769043.0 25706.0
a 5 6 0 769043.0 42376.0
a 5 7 0 769043.0 26420.0
a 5 10 0 393657.0 166946.0
a 5 20 0 393657.0 63212.0
a 6 7 0 769043.0 25706.0
a 6 37 0 393657.0 25706.0
a 6 29 0 393657.0 25706.0
a 6 7 0 769043.0 26883.0
a 6 29 0 393657.0 108767.0
a 6 37 0 393657.0 115162.0
a 6 5 0 769043.0 25706.0
a 6 5 0 769043.0 42376.0
a 7 5 0 769043.0 25706.0
a 7 6 0 769043.0 25706.0
a 7 6 0 769043.0 26883.0
a 7 5 0 769043.0 26420.0
a 8 12 0 769043.0 25706.0
a 8 25 0 393657.0 25706.0
a 8 11 0 393657.0 25706.0
a 8 10 0 393657.0 25706.0
a 8 9 0 393657.0 25706.0
a 8 9 0 393657.0 59702.0
a 8 10 0 393657.0 123686.0
a 8 11 0 393657.0 113529.0
a 8 12 0 769043.0 26420.0
a 8 25 0 393657.0 110332.0
a 8 0 0 393657.0 25706.0
a 8 0 0 393657.0 271309.0
a 9 12 0 769043.0 25706.0
a 9 14 0 393657.0 25706.0
a 9 35 0 393657.0 25706.0
a 9 17 0 393657.0 25706.0
a 9 11 0 393657.0 25706.0
a 9 10 0 393657.0 25706.0
a 9 10 0 393657.0 95648.0
a 9 11 0 393657.0 110332.0
a 9 12 0 769043.0 26554.0
a 9 14 0 393657.0 132842.0
a 9 17 0 393657.0 187153.0
a 9 35 0 393657.0 201006.0
a 9 8 0 393657.0 25706.0
a 9 8 0 393657.0 59702.0
a 10 11 0 393657.0 25706.0
a 10 12 0 769043.0 25706.0
a 10 28 0 393657.0 25706.0
a 10 11 0 393657.0 37801.0
a 10 12 0 769043.0 26541.0
a 10 28 0 393657.0 142675.0
a 10 5 0 393657.0 25706.0
a 10 8 0 393657.0 25706.0
a 10 9 0 393657.0 25706.0
a 10 9 0 393657.0 95648.0
a 10 8 0 393657.0 123686.0
a 10 5 0 393657.0 166946.0
a 11 38 0 393657.0 25706.0
a 11 12 0 769043.0 25706.0
a 11 31 0 393657.0 25706.0
a 11 21 0 393657.0 25706.0
a 11 12 0 769043.0 28791.0
a 11 21 0 393657.0 215885.0
a 11 31 0 393657.0 108767.0
a 11 38 0 393657.0 393307.0
a 11 8 0 393657.0 25706.0
a 11 9 0 393657.0 25706.0
a 11 10 0 393657.0 25706.0
a 11 10 0 393657.0 37801.0
a 11 9 0 393657.0 110332.0
a 11 8 0 393657.0 113529.0
a 12 8 0 769043.0 25706.0
a 12 9 0 769043.0 25706.0
a 12 10 0 769043.0 25706.0
a 12 11 0 769043.0 25706.0
a 12 11 0 769043.0 28791.0
a 12 10 0 769043.0 26541.0
a 12 9 0 769043.0 26554.0
a 12 8 0 769043.0 26420.0
a 13 35 0 393657.0 30716.0
a 13 15 0 769043.0 25706.0
a 13 31 0 393657.0 25706.0
a 13 38 0 393657.0 30716.0
a 13 14 0 769043.0 25706.0
a 13 14 0 769043.0 37000.0
a 13 15 0 769043.0 27081.0
a 13 31 0 393657.0 84111.0
a 13 35 0 393657.0 77791.0
a 13 38 0 393657.0 168218.0
a 14 47 0 393657.0 27744.0
a 14 42 0 393657.0 27744.0
a 14 15 0 769043.0 25706.0
a 14 15 0 769043.0 26590.0
a 14 42 0 393657.0 77930.0
a 14 47 0 393657.0 68530.0
a 14 3 0 393657.0 25706.0
a 14 9 0 393657.0 25706.0
a 14 13 0 769043.0 25706.0
a 14 3 0 393657.0 169347.0
a 14 13 0 769043.0 37000.0
a 14 9 0 393657.0 132842.0
a 15 13 0 769043.0 25706.0
a 15 14 0 769043.0 25706.0
a 15 14 0 769043.0 26590.0
a 15 13 0 769043.0 27081.0
a 16 18 0 769043.0 25706.0
a 16 39 0 393657.0 25706.0
a 16 17 0 769043.0 25706.0
a 16 17 0 769043.0 60561.0
a 16 18 0 769043.0 27056.0
a 16 39 0 393657.0 136691.0
a 16 2 0 393657.0 25706.0
a 16 2 0 393657.0 69858.0
a 17 18 0 769043.0 25706.0
a 17 34 0 393657.0 25706.0
a 17 45 0 393657.0 25706.0
a 17 18 0 769043.0 26312.0
a 17 34 0 393657.0 49585.0
a 17 45 0 393657.0 136691.0
a 17 9 0 393657.0 25706.0
a 17 16 0 769043.0 25706.0
a 17 16 0 769043.0 60561.0
a 17 9 0 393657.0 187153.0
a 18 16 0 769043.0 25706.0
a 18 17 0 769043.0 25706.0
a 18 17 0 769043.0 26312.0
a 18 16 0 769043.0 27056.0
a 19 23 0 769043.0 25706.0
a 19 40 0 393657.0 25706.0
a 19 22 0 393657.0 25706.0
a 19 21 0 393657.0 25706.0
a 19 20 0 393657.0 25706.0
a 19 20 0 393657.0 42376.0
a 19 21 0 393657.0 34697.0
a 19 22 0 393657.0 42376.0
a 19 23 0 769043.0 26541.0
a 19 40 0 393657.0 129101.0
a 20 23 0 769043.0 25706.0
a 20 22 0 393657.0 25706.0
a 20 21 0 393657.0 25706.0
a 20 21 0 393657.0 45513.0
a 20 22 0 393657.0 34697.0
a 20 23 0 769043.0 26360.0
a 20 1 0 393657.0 25706.0
a 20 5 0 393657.0 25706.0
a 20 19 0 393657.0 25706.0
a 20 19 0 393657.0 42376.0
a 20 5 0 393657.0 63212.0
a 20 1 0 393657.0 134752.0
a 21 23 0 769043.0 25706.0
a 21 22 0 393657.0 25706.0
a 21 22 0 393657.0 41183.0
a 21 23 0 769043.0 26408.0
a 21 11 0 393657.0 25706.0
a 21 19 0 393657.0 25706.0
a 21 20 0 393657.0 25706.0
a 21 20 0 393657.0 45513.0
a 21 19 0 393657.0 34697.0
a 21 11 0 393657.0 215885.0
a 22 23 0 769043.0 25706.0
a 22 27 0 393657.0 25706.0
a 22 23 0 769043.0 26360.0
a 22 27 0 393657.0 169347.0
a 22 19 0 393657.0 25706.0
a 22 20 0 393657.0 25706.0
a 22 21 0 393657.0 25706.0
a 22 21 0 393657.0 41183.0
a 22 20 0 393657.0 34697.0
a 22 19 0 393657.0 42376.0
a 23 19 0 769043.0 25706.0
a 23 20 0 769043.0 25706.0
a 23 21 0 769043.0 25706.0
a 23 22 0 769043.0 25706.0
a 23 22 0 769043.0 26360.0
a 23 21 0 769043.0 26408.0
a 23 20 0 769043.0 26360.0
a 23 19 0 769043.0 26541.0
a 24 25 0 393657.0 25706.0
a 24 47 0 393657.0 25706.0
a 24 48 0 393657.0 25706.0
a 24 26 0 769043.0 27649.0
a 24 30 0 393657.0 250533.0
a 24 25 0 393657.0 35196.0
a 24 26 0 769043.0 26187.0
a 24 30 0 393657.0 92396.0
a 24 47 0 393657.0 35196.0
a 24 48 0 393657.0 34697.0
a 25 47 0 393657.0 25706.0
a 25 48 0 393657.0 25706.0
a 25 26 0 769043.0 25706.0
a 25 26 0 769043.0 26541.0
a 25 47 0 393657.0 28817.0
a 25 48 0 393657.0 30511.0
a 25 8 0 393657.0 25706.0
a 25 24 0 393657.0 25706.0
a 25 24 0 393657.0 35196.0
a 25 8 0 393657.0 110332.0
a 26 47 0 769043.0 25769.0
a 26 48 0 769043.0 26149.0
a 26 47 0 769043.0 26116.0
a 26 48 0 769043.0 26139.0
a 26 24 0 769043.0 27649.0
a 26 25 0 769043.0 25706.0
a 26 25 0 769043.0 26541.0
a 26 24 0 769043.0 26187.0
a 27 33 0 769043.0 25706.0
a 27 43 0 393657.0 39615.0
a 27 32 0 393657.0 25706.0
a 27 31 0 393657.0 25706.0
a 27 30 0 393657.0 44419.0
a 27 29 0 393657.0 25706.0
a 27 28 0 393657.0 25706.0
a 27 28 0 393657.0 44232.0
a 27 29 0 393657.0 32770.0
a 27 30 0 393657.0 76876.0
a 27 31 0 393657.0 40023.0
a 27 32 0 393657.0 36215.0
a 27 33 0 769043.0 26785.0
a 27 43 0 393657.0 152621.0
a 27 3 0 393657.0 25706.0
a 27 22 0 393657.0 25706.0
a 27 22 0 393657.0 169347.0
a 27 3 0 393657.0 157676.0
a 28 33 0 769043.0 25706.0
a 28 37 0 393657.0 31110.0
a 28 46 0 393657.0 41155.0
a 28 32 0 393657.0 25706.0
a 28 31 0 393657.0 25706.0
a 28 30 0 393657.0 55848.0
a 28 29 0 393657.0 25706.0
a 28 29 0 393657.0 30511.0
a 28 30 0 393657.0 54543.0
a 28 31 0 393657.0 30511.0
a 28 32 0 393657.0 86548.0
a 28 33 0 769043.0 27205.0
a 28 37 0 393657.0 108210.0
a 28 46 0 393657.0 195477.0
a 28 10 0 393657.0 25706.0
a 28 27 0 393657.0 25706.0
a 28 27 0 393657.0 44232.0
a 28 10 0 393657.0 142675.0
a 29 33 0 769043.0 25706.0
a 29 40 0 393657.0 30716.0
a 29 43 0 393657.0 25706.0
a 29 32 0 393657.0 25706.0
a 29 31 0 393657.0 25706.0
a 29 30 0 393657.0 34442.0
a 29 30 0 393657.0 52139.0
a 29 31 0 393657.0 37801.0
a 29 32 0 393657.0 37265.0
a 29 33 0 769043.0 26084.0
a 29 40 0 393657.0 49963.0
a 29 43 0 393657.0 38896.0
a 29 6 0 393657.0 25706.0
a 29 27 0 393657.0 25706.0
a 29 28 0 393657.0 25706.0
a 29 28 0 393657.0 30511.0
a 29 27 0 393657.0 32770.0
a 29 6 0 393657.0 108767.0
a 30 33 0 769043.0 25706.0
a 30 44 0 393657.0 35329.0
a 30 32 0 393657.0 28824.0
a 30 31 0 393657.0 28824.0
a 30 31 0 393657.0 81724.0
a 30 32 0 393657.0 35694.0
a 30 33 0 769043.0 26420.0
a 30 44 0 393657.0 325425.0
a 30 24 0 393657.0 250533.0
a 30 27 0 393657.0 44419.0
a 30 28 0 393657.0 55848.0
a 30 29 0 393657.0 34442.0
a 30 29 0 393657.0 52139.0
a 30 28 0 393657.0 54543.0
a 30 27 0 393657.0 76876.0
a 30 24 0 393657.0 92396.0
a 31 33 0 769043.0 25706.0
a 31 46 0 393657.0 25706.0
a 31 32 0 393657.0 25706.0
a 31 32 0 393657.0 38345.0
a 31 33 0 769043.0 26001.0
a 31 46 0 393657.0 40023.0
a 31 11 0 393657.0 25706.0
a 31 13 0 393657.0 25706.0
a 31 27 0 393657.0 25706.0
a 31 28 0 393657.0 25706.0
a 31 29 0 393657.0 25706.0
a 31 30 0 393657.0 28824.0
a 31 30 0 393657.0 81724.0
a 31 29 0 393657.0 37801.0
a 31 28 0 393657.0 30511.0
a 31 27 0 393657.0 40023.0
a 31 13 0 393657.0 84111.0
a 31 11 0 393657.0 108767.0
a 32 33 0 769043.0 25706.0
a 32 44 0 393657.0 25706.0
a 32 33 0 769043.0 25859.0
a 32 44 0 393657.0 47506.0
a 32 2 0 393657.0 25706.0
a 32 27 0 393657.0 25706.0
a 32 28 0 393657.0 25706.0
a 32 29 0 393657.0 25706.0
a 32 30 0 393657.0 28824.0
a 32 31 0 393657.0 25706.0
a 32 31 0 393657.0 38345.0
a 32 30 0 393657.0 35694.0
a 32 29 0 393657.0 37265.0
a 32 28 0 393657.0 86548.0
a 32 27 0 393657.0 36215.0
a 32 2 0 393657.0 209806.0
a 33 27 0 769043.0 25706.0
a 33 28 0 769043.0 25706.0
a 33 29 0 769043.0 25706.0
a 33 30 0 769043.0 25706.0
a 33 31 0 769043.0 25706.0
a 33 32 0 769043.0 25706.0
a 33 32 0 769043.0 25859.0
a 33 31 0 769043.0 26001.0
a 33 30 0 769043.0 26420.0
a 33 29 0 769043.0 26084.0
a 33 28 0 769043.0 27205.0
a 33 27 0 769043.0 26785.0
a 34 37 0 393657.0 25706.0
a 34 36 0 769043.0 25706.0
a 34 45 0 393657.0 28100.0
a 34 35 0 769043.0 28641.0
a 34 35 0 769043.0 45467.0
a 34 36 0 769043.0 27429.0
a 34 37 0 393657.0 758666.0
a 34 45 0 393657.0 73718.0
a 34 17 0 393657.0 25706.0
a 34 17 0 393657.0 49585.0
a 35 48 0 393657.0 43858.0
a 35 36 0 769043.0 25706.0
a 35 36 0 769043.0 26896.0
a 35 48 0 393657.0 74595.0
a 35 9 0 393657.0 25706.0
a 35 13 0 393657.0 30716.0
a 35 34 0 769043.0 28641.0
a 35 13 0 393657.0 77791.0
a 35 34 0 769043.0 45467.0
a 35 9 0 393657.0 201006.0
a 36 34 0 769043.0 25706.0
a 36 35 0 769043.0 25706.0
a 36 35 0 769043.0 26896.0
a 36 34 0 769043.0 27429.0
a 37 41 0 769043.0 25706.0
a 37 46 0 393657.0 25706.0
a 37 40 0 393657.0 25706.0
a 37 39 0 393657.0 25706.0
a 37 38 0 393657.0 25706.0
a 37 38 0 393657.0 72916.0
a 37 39 0 393657.0 174254.0
a 37 40 0 393657.0 65979.0
a 37 41 0 769043.0 27130.0
a 37 46 0 393657.0 101271.0
a 37 6 0 393657.0 25706.0
a 37 28 0 393657.0 31110.0
a 37 34 0 393657.0 25706.0
a 37 34 0 393657.0 758666.0
a 37 28 0 393657.0 108210.0
a 37 6 0 393657.0 115162.0
a 38 41 0 769043.0 25706.0
a 38 46 0 393657.0 25706.0
a 38 43 0 393657.0 25706.0
a 38 40 0 393657.0 25706.0
a 38 39 0 393657.0 25706.0
a 38 39 0 393657.0 94291.0
a 38 40 0 393657.0 60561.0
a 38 41 0 769043.0 26445.0
a 38 43 0 393657.0 146809.0
a 38 46 0 393657.0 35702.0
a 38 11 0 393657.0 25706.0
a 38 13 0 393657.0 30716.0
a 38 37 0 393657.0 25706.0
a 38 11 0 393657.0 393307.0
a 38 37 0 393657.0 72916.0
a 38 13 0 393657.0 168218.0
a 39 41 0 769043.0 25706.0
a 39 44 0 393657.0 30716.0
a 39 40 0 393657.0 25706.0
a 39 40 0 393657.0 65979.0
a 39 41 0 769043.0 26626.0
a 39 44 0 393657.0 99169.0
a 39 1 0 393657.0 25706.0
a 39 16 0 393657.0 25706.0
a 39 37 0 393657.0 25706.0
a 39 38 0 393657.0 25706.0
a 39 38 0 393657.0 94291.0
a 39 37 0 393657.0 174254.0
a 39 16 0 393657.0 136691.0
a 39 1 0 393657.0 331360.0
a 40 41 0 769043.0 25706.0
a 40 46 0 393657.0 25706.0
a 40 41 0 769043.0 25930.0
a 40 46 0 393657.0 33241.0
a 40 19 0 393657.0 25706.0
a 40 29 0 393657.0 30716.0
a 40 37 0 393657.0 25706.0
a 40 38 0 393657.0 25706.0
a 40 39 0 393657.0 25706.0
a 40 39 0 393657.0 65979.0
a 40 38 0 393657.0 60561.0
a 40 37 0 393657.0 65979.0
a 40 29 0 393657.0 49963.0
a 40 19 0 393657.0 129101.0
a 41 37 0 769043.0 25706.0
a 41 38 0 769043.0 25706.0
a 41 39 0 769043.0 25706.0
a 41 40 0 769043.0 25706.0
a 41 40 0 769043.0 25930.0
a 41 39 0 769043.0 26626.0
a 41 38 0 769043.0 26445.0
a 41 37 0 769043.0 27130.0
a 42 0 0 393657.0 25706.0
a 42 14 0 393657.0 27744.0
a 42 14 0 393657.0 77930.0
a 42 0 0 393657.0 198156.0
a 43 27 0 393657.0 39615.0
a 43 29 0 393657.0 25706.0
a 43 38 0 393657.0 25706.0
a 43 38 0 393657.0 146809.0
a 43 29 0 393657.0 38896.0
a 43 27 0 393657.0 152621.0
a 44 30 0 393657.0 35329.0
a 44 32 0 393657.0 25706.0
a 44 39 0 393657.0 30716.0
a 44 39 0 393657.0 99169.0
a 44 32 0 393657.0 47506.0
a 44 30 0 393657.0 325425.0
a 45 17 0 393657.0 25706.0
a 45 34 0 393657.0 28100.0
a 45 34 0 393657.0 73718.0
a 45 17 0 393657.0 136691.0
a 46 28 0 393657.0 41155.0
a 46 31 0 393657.0 25706.0
a 46 37 0 393657.0 25706.0
a 46 38 0 393657.0 25706.0
a 46 40 0 393657.0 25706.0
a 46 40 0 393657.0 33241.0
a 46 38 0 393657.0 35702.0
a 46 37 0 393657.0 101271.0
a 46 31 0 393657.0 40023.0
a 46 28 0 393657.0 195477.0
a 47 48 0 393657.0 25706.0
a 47 48 0 393657.0 30079.0
a 47 14 0 393657.0 27744.0
a 47 24 0 393657.0 25706.0
a 47 25 0 393657.0 25706.0
a 47 26 0 769043.0 25769.0
a 47 25 0 393657.0 28817.0
a 47 24 0 393657.0 35196.0
a 47 26 0 769043.0 26116.0
a 47 14 0 393657.0 68530.0
a 48 24 0 393657.0 25706.0
a 48 25 0 393657.0 25706.0
a 48 26 0 769043.0 26149.0
a 48 35 0 393657.0 43858.0
a 48 47 0 393657.0 25706.0
a 48 47 0 393657.0 30079.0
a 48 25 0 393657.0 30511.0
a 48 24 0 393657.0 34697.0
a 48 26 0 769043.0 26139.0
a 48 35 0 393657.0 74595.0
