p min 49 520
n 7 -769156.0
n 8 25985.0
n 9 25985.0
n 10 20788.0
n 11 20788.0
n 13 10394.0
n 14 10394.0
n 16 5197.0
n 17 5197.0
n 19 20788.0
n 20 15591.0
n 21 15591.0
n 22 15591.0
n 24 15591.0
n 25 10394.0
n 27 20788.0
n 28 25985.0
n 29 25985.0
n 30 20788.0
n 31 20788.0
n 32 20788.0
n 34 31182.0
n 35 31182.0
n 37 36379.0
n 38 36379.0
n 39 31182.0
n 40 36379.0
n 42 20788.0
n 43 57167.0
n 44 62364.0
n 45 5197.0
n 46 41576.0
n 47 10394.0
n 48 15591.0
a 0 4 0 769156.0 1.0
a 0 8 0 361847.0 27169.0
a 0 42 0 361847.0 36148.0
a 0 3 0 361847.0 1.0
a 0 2 0 361847.0 1.0
a 0 1 0 361847.0 1.0
a 0 1 0 361847.0 1.0
a 0 2 0 361847.0 1.0
a 0 3 0 361847.0 1.0
a 0 4 0 769156.0 1.0
a 0 8 0 361847.0 26650.0
a 0 42 0 361847.0 35906.0
a 1 4 0 769156.0 1.0
a 1 20 0 361847.0 401916.0
a 1 39 0 361847.0 398771.0
a 1 3 0 361847.0 1.0
a 1 2 0 361847.0 1.0
a 1 2 0 361847.0 1.0
a 1 3 0 361847.0 1.0
a 1 4 0 769156.0 1.0
a 1 20 0 361847.0 399534.0
a 1 39 0 361847.0 397229.0
a 1 0 0 361847.0 1.0
a 1 0 0 361847.0 1.0
a 2 4 0 769156.0 1.0
a 2 32 0 361847.0 400626.0
a 2 16 0 361847.0 112467.0
a 2 3 0 361847.0 1.0
a 2 3 0 361847.0 1.0
a 2 4 0 769156.0 1.0
a 2 16 0 361847.0 112983.0
a 2 32 0 361847.0 415504.0
a 2 0 0 361847.0 1.0
a 2 1 0 361847.0 1.0
a 2 1 0 361847.0 1.0
a 2 0 0 361847.0 1.0
a 3 14 0 361847.0 36905.0
a 3 4 0 769156.0 1.0
a 3 27 0 361847.0 408817.0
a 3 4 0 769156.0 1.0
a 3 14 0 361847.0 37653.0
a 3 27 0 361847.0 399939.0
a 3 0 0 361847.0 1.0
a 3 1 0 361847.0 1.0
a 3 2 0 361847.0 1.0
a 3 2 0 361847.0 1.0
a 3 1 0 361847.0 1.0
a 3 0 0 361847.0 1.0
a 4 0 0 769156.0 1.0
a 4 1 0 769156.0 1.0
a 4 2 0 769156.0 1.0
a 4 3 0 769156.0 1.0
a 4 3 0 769156.0 1.0
a 4 2 0 769156.0 1.0
a 4 1 0 769156.0 1.0
a 4 0 0 769156.0 1.0
a 5 7 0 769156.0 1.0
a 5 20 0 361847.0 1200.0
a 5 10 0 361847.0 374871.0
a 5 6 0 723693.0 1.0
a 5 6 0 723693.0 1.0
a 5 7 0 769156.0 1.0
a 5 10 0 361847.0 384301.0
a 5 20 0 361847.0 1185.0
a 6 7 0 769156.0 1.0
a 6 37 0 361847.0 11493.0
a 6 29 0 361847.0 11303.0
a 6 7 0 769156.0 1.0
a 6 29 0 361847.0 11597.0
a 6 37 0 361847.0 11684.0
a 6 5 0 723693.0 1.0
a 6 5 0 723693.0 1.0
a 7 5 0 769156.0 1.0
a 7 6 0 769156.0 1.0
a 7 6 0 769156.0 1.0
a 7 5 0 769156.0 1.0
a 8 12 0 769156.0 1.0
a 8 25 0 361847.0 375310.0
a 8 11 0 361847.0 1.0
a 8 10 0 361847.0 1.0
a 8 9 0 361847.0 1.0
a 8 9 0 361847.0 1.0
a 8 10 0 361847.0 1.0
a 8 11 0 361847.0 1.0
a 8 12 0 769156.0 1.0
a 8 25 0 361847.0 381162.0
a 8 0 0 361847.0 27169.0
a 8 0 0 361847.0 26650.0
a 9 12 0 769156.0 1.0
a 9 14 0 361847.0 60431.0
a 9 35 0 361847.0 178812.0
a 9 17 0 361847.0 126700.0
a 9 11 0 361847.0 1.0
a 9 10 0 361847.0 1.0
a 9 10 0 361847.0 1.0
a 9 11 0 361847.0 1.0
a 9 12 0 769156.0 1.0
a 9 14 0 361847.0 60047.0
a 9 17 0 361847.0 127963.0
a 9 35 0 361847.0 177065.0
a 9 8 0 361847.0 1.0
a 9 8 0 361847.0 1.0
a 10 11 0 361847.0 1.0
a 10 12 0 769156.0 1.0
a 10 28 0 361847.0 386442.0
a 10 11 0 361847.0 1.0
a 10 12 0 769156.0 1.0
a 10 28 0 361847.0 380866.0
a 10 5 0 361847.0 374871.0
a 10 8 0 361847.0 1.0
a 10 9 0 361847.0 1.0
a 10 9 0 361847.0 1.0
a 10 8 0 361847.0 1.0
a 10 5 0 361847.0 384301.0
a 11 38 0 361847.0 383153.0
a 11 12 0 769156.0 1.0
a 11 31 0 361847.0 382399.0
a 11 21 0 361847.0 377424.0
a 11 12 0 769156.0 1.0
a 11 21 0 361847.0 382648.0
a 11 31 0 361847.0 386163.0
a 11 38 0 361847.0 387597.0
a 11 8 0 361847.0 1.0
a 11 9 0 361847.0 1.0
a 11 10 0 361847.0 1.0
a 11 10 0 361847.0 1.0
a 11 9 0 361847.0 1.0
a 11 8 0 361847.0 1.0
a 12 8 0 769156.0 1.0
a 12 9 0 769156.0 1.0
a 12 10 0 769156.0 1.0
a 12 11 0 769156.0 1.0
a 12 11 0 769156.0 1.0
a 12 10 0 769156.0 1.0
a 12 9 0 769156.0 1.0
a 12 8 0 769156.0 1.0
a 13 35 0 361847.0 121788.0
a 13 15 0 769156.0 1.0
a 13 31 0 361847.0 433505.0
a 13 38 0 361847.0 425754.0
a 13 14 0 723693.0 1.0
a 13 14 0 723693.0 1.0
a 13 15 0 769156.0 1.0
a 13 31 0 361847.0 430876.0
a 13 35 0 361847.0 123044.0
a 13 38 0 361847.0 431205.0
a 14 47 0 361847.0 323323.0
a 14 42 0 361847.0 1657.0
a 14 15 0 769156.0 1.0
a 14 15 0 769156.0 1.0
a 14 42 0 361847.0 1663.0
a 14 47 0 361847.0 324654.0
a 14 3 0 361847.0 36905.0
a 14 9 0 361847.0 60431.0
a 14 13 0 723693.0 1.0
a 14 3 0 361847.0 37653.0
a 14 13 0 723693.0 1.0
a 14 9 0 361847.0 60047.0
a 15 13 0 769156.0 1.0
a 15 14 0 769156.0 1.0
a 15 14 0 769156.0 1.0
a 15 13 0 769156.0 1.0
a 16 18 0 769156.0 1.0
a 16 39 0 361847.0 499530.0
a 16 17 0 723693.0 1.0
a 16 17 0 723693.0 1.0
a 16 18 0 769156.0 1.0
a 16 39 0 361847.0 501258.0
a 16 2 0 361847.0 112467.0
a 16 2 0 361847.0 112983.0
a 17 18 0 769156.0 1.0
a 17 34 0 361847.0 51174.0
a 17 45 0 361847.0 51335.0
a 17 18 0 769156.0 1.0
a 17 34 0 361847.0 52101.0
a 17 45 0 361847.0 53212.0
a 17 9 0 361847.0 126700.0
a 17 16 0 723693.0 1.0
a 17 16 0 723693.0 1.0
a 17 9 0 361847.0 127963.0
a 18 16 0 769156.0 1.0
a 18 17 0 769156.0 1.0
a 18 17 0 769156.0 1.0
a 18 16 0 769156.0 1.0
a 19 23 0 769156.0 1.0
a 19 40 0 361847.0 12392.0
a 19 22 0 361847.0 1.0
a 19 21 0 361847.0 1.0
a 19 20 0 361847.0 1.0
a 19 20 0 361847.0 1.0
a 19 21 0 361847.0 1.0
a 19 22 0 361847.0 1.0
a 19 23 0 769156.0 1.0
a 19 40 0 361847.0 12513.0
a 20 23 0 769156.0 1.0
a 20 22 0 361847.0 1.0
a 20 21 0 361847.0 1.0
a 20 21 0 361847.0 1.0
a 20 22 0 361847.0 1.0
a 20 23 0 769156.0 1.0
a 20 1 0 361847.0 401916.0
a 20 5 0 361847.0 1200.0
a 20 19 0 361847.0 1.0
a 20 19 0 361847.0 1.0
a 20 5 0 361847.0 1185.0
a 20 1 0 361847.0 399534.0
a 21 23 0 769156.0 1.0
a 21 22 0 361847.0 1.0
a 21 22 0 361847.0 1.0
a 21 23 0 769156.0 1.0
a 21 11 0 361847.0 377424.0
a 21 19 0 361847.0 1.0
a 21 20 0 361847.0 1.0
a 21 20 0 361847.0 1.0
a 21 19 0 361847.0 1.0
a 21 11 0 361847.0 382648.0
a 22 23 0 769156.0 1.0
a 22 27 0 361847.0 12391.0
a 22 23 0 769156.0 1.0
a 22 27 0 361847.0 12459.0
a 22 19 0 361847.0 1.0
a 22 20 0 361847.0 1.0
a 22 21 0 361847.0 1.0
a 22 21 0 361847.0 1.0
a 22 20 0 361847.0 1.0
a 22 19 0 361847.0 1.0
a 23 19 0 769156.0 1.0
a 23 20 0 769156.0 1.0
a 23 21 0 769156.0 1.0
a 23 22 0 769156.0 1.0
a 23 22 0 769156.0 1.0
a 23 21 0 769156.0 1.0
a 23 20 0 769156.0 1.0
a 23 19 0 769156.0 1.0
a 24 25 0 361847.0 1.0
a 24 47 0 361847.0 1.0
a 24 48 0 361847.0 1.0
a 24 26 0 769156.0 1.0
a 24 30 0 361847.0 758666.0
a 24 25 0 361847.0 1.0
a 24 26 0 769156.0 1.0
a 24 30 0 361847.0 747045.0
a 24 47 0 361847.0 1.0
a 24 48 0 361847.0 1.0
a 25 47 0 361847.0 1.0
a 25 48 0 361847.0 1.0
a 25 26 0 769156.0 1.0
a 25 26 0 769156.0 1.0
a 25 47 0 361847.0 1.0
a 25 48 0 361847.0 1.0
a 25 8 0 361847.0 375310.0
a 25 24 0 361847.0 1.0
a 25 24 0 361847.0 1.0
a 25 8 0 361847.0 381162.0
a 26 47 0 769156.0 1.0
a 26 48 0 769156.0 1.0
a 26 47 0 769156.0 1.0
a 26 48 0 769156.0 1.0
a 26 24 0 769156.0 1.0
a 26 25 0 769156.0 1.0
a 26 25 0 769156.0 1.0
a 26 24 0 769156.0 1.0
a 27 33 0 769156.0 1.0
a 27 43 0 361847.0 3356.0
a 27 32 0 361847.0 1.0
a 27 31 0 361847.0 1.0
a 27 30 0 361847.0 1.0
a 27 29 0 361847.0 1.0
a 27 28 0 361847.0 1.0
a 27 28 0 361847.0 1.0
a 27 29 0 361847.0 1.0
a 27 30 0 361847.0 1.0
a 27 31 0 361847.0 1.0
a 27 32 0 361847.0 1.0
a 27 33 0 769156.0 1.0
a 27 43 0 361847.0 3335.0
a 27 3 0 361847.0 408817.0
a 27 22 0 361847.0 12391.0
a 27 22 0 361847.0 12459.0
a 27 3 0 361847.0 399939.0
a 28 33 0 769156.0 1.0
a 28 37 0 361847.0 98.0
a 28 46 0 361847.0 104.0
a 28 32 0 361847.0 1.0
a 28 31 0 361847.0 1.0
a 28 30 0 361847.0 1.0
a 28 29 0 361847.0 1.0
a 28 29 0 361847.0 1.0
a 28 30 0 361847.0 1.0
a 28 31 0 361847.0 1.0
a 28 32 0 361847.0 1.0
a 28 33 0 769156.0 1.0
a 28 37 0 361847.0 103.0
a 28 46 0 361847.0 100.0
a 28 10 0 361847.0 386442.0
a 28 27 0 361847.0 1.0
a 28 27 0 361847.0 1.0
a 28 10 0 361847.0 380866.0
a 29 33 0 769156.0 1.0
a 29 40 0 361847.0 98.0
a 29 43 0 361847.0 3274.0
a 29 32 0 361847.0 1.0
a 29 31 0 361847.0 1.0
a 29 30 0 361847.0 1.0
a 29 30 0 361847.0 1.0
a 29 31 0 361847.0 1.0
a 29 32 0 361847.0 1.0
a 29 33 0 769156.0 1.0
a 29 40 0 361847.0 105.0
a 29 43 0 361847.0 3252.0
a 29 6 0 361847.0 11303.0
a 29 27 0 361847.0 1.0
a 29 28 0 361847.0 1.0
a 29 28 0 361847.0 1.0
a 29 27 0 361847.0 1.0
a 29 6 0 361847.0 11597.0
a 30 33 0 769156.0 1.0
a 30 44 0 361847.0 2398.0
a 30 32 0 361847.0 1.0
a 30 31 0 361847.0 1.0
a 30 31 0 361847.0 1.0
a 30 32 0 361847.0 1.0
a 30 33 0 769156.0 1.0
a 30 44 0 361847.0 2433.0
a 30 24 0 361847.0 758666.0
a 30 27 0 361847.0 1.0
a 30 28 0 361847.0 1.0
a 30 29 0 361847.0 1.0
a 30 29 0 361847.0 1.0
a 30 28 0 361847.0 1.0
a 30 27 0 361847.0 1.0
a 30 24 0 361847.0 747045.0
a 31 33 0 769156.0 1.0
a 31 46 0 361847.0 99.0
a 31 32 0 361847.0 1.0
a 31 32 0 361847.0 1.0
a 31 33 0 769156.0 1.0
a 31 46 0 361847.0 100.0
a 31 11 0 361847.0 382399.0
a 31 13 0 361847.0 433505.0
a 31 27 0 361847.0 1.0
a 31 28 0 361847.0 1.0
a 31 29 0 361847.0 1.0
a 31 30 0 361847.0 1.0
a 31 30 0 361847.0 1.0
a 31 29 0 361847.0 1.0
a 31 28 0 361847.0 1.0
a 31 27 0 361847.0 1.0
a 31 13 0 361847.0 430876.0
a 31 11 0 361847.0 386163.0
a 32 33 0 769156.0 1.0
a 32 44 0 361847.0 2424.0
a 32 33 0 769156.0 1.0
a 32 44 0 361847.0 2381.0
a 32 2 0 361847.0 400626.0
a 32 27 0 361847.0 1.0
a 32 28 0 361847.0 1.0
a 32 29 0 361847.0 1.0
a 32 30 0 361847.0 1.0
a 32 31 0 361847.0 1.0
a 32 31 0 361847.0 1.0
a 32 30 0 361847.0 1.0
a 32 29 0 361847.0 1.0
a 32 28 0 361847.0 1.0
a 32 27 0 361847.0 1.0
a 32 2 0 361847.0 415504.0
a 33 27 0 769156.0 1.0
a 33 28 0 769156.0 1.0
a 33 29 0 769156.0 1.0
a 33 30 0 769156.0 1.0
a 33 31 0 769156.0 1.0
a 33 32 0 769156.0 1.0
a 33 32 0 769156.0 1.0
a 33 31 0 769156.0 1.0
a 33 30 0 769156.0 1.0
a 33 29 0 769156.0 1.0
a 33 28 0 769156.0 1.0
a 33 27 0 769156.0 1.0
a 34 37 0 361847.0 553956.0
a 34 36 0 769156.0 1.0
a 34 45 0 361847.0 179.0
a 34 35 0 723693.0 1.0
a 34 35 0 723693.0 1.0
a 34 36 0 769156.0 1.0
a 34 37 0 361847.0 557309.0
a 34 45 0 361847.0 187.0
a 34 17 0 361847.0 51174.0
a 34 17 0 361847.0 52101.0
a 35 48 0 361847.0 202166.0
a 35 36 0 769156.0 1.0
a 35 36 0 769156.0 1.0
a 35 48 0 361847.0 205111.0
a 35 9 0 361847.0 178812.0
a 35 13 0 361847.0 121788.0
a 35 34 0 723693.0 1.0
a 35 13 0 361847.0 123044.0
a 35 34 0 723693.0 1.0
a 35 9 0 361847.0 177065.0
a 36 34 0 769156.0 1.0
a 36 35 0 769156.0 1.0
a 36 35 0 769156.0 1.0
a 36 34 0 769156.0 1.0
a 37 41 0 769156.0 1.0
a 37 46 0 361847.0 4.0
a 37 40 0 361847.0 1.0
a 37 39 0 361847.0 1.0
a 37 38 0 361847.0 1.0
a 37 38 0 361847.0 1.0
a 37 39 0 361847.0 1.0
a 37 40 0 361847.0 1.0
a 37 41 0 769156.0 1.0
a 37 46 0 361847.0 4.0
a 37 6 0 361847.0 11493.0
a 37 28 0 361847.0 98.0
a 37 34 0 361847.0 553956.0
a 37 34 0 361847.0 557309.0
a 37 28 0 361847.0 103.0
a 37 6 0 361847.0 11684.0
a 38 41 0 769156.0 1.0
a 38 46 0 361847.0 4.0
a 38 43 0 361847.0 3329.0
a 38 40 0 361847.0 1.0
a 38 39 0 361847.0 1.0
a 38 39 0 361847.0 1.0
a 38 40 0 361847.0 1.0
a 38 41 0 769156.0 1.0
a 38 43 0 361847.0 3346.0
a 38 46 0 361847.0 4.0
a 38 11 0 361847.0 383153.0
a 38 13 0 361847.0 425754.0
a 38 37 0 361847.0 1.0
a 38 11 0 361847.0 387597.0
a 38 37 0 361847.0 1.0
a 38 13 0 361847.0 431205.0
a 39 41 0 769156.0 1.0
a 39 44 0 361847.0 2469.0
a 39 40 0 361847.0 1.0
a 39 40 0 361847.0 1.0
a 39 41 0 769156.0 1.0
a 39 44 0 361847.0 2471.0
a 39 1 0 361847.0 398771.0
a 39 16 0 361847.0 499530.0
a 39 37 0 361847.0 1.0
a 39 38 0 361847.0 1.0
a 39 38 0 361847.0 1.0
a 39 37 0 361847.0 1.0
a 39 16 0 361847.0 501258.0
a 39 1 0 361847.0 397229.0
a 40 41 0 769156.0 1.0
a 40 46 0 361847.0 4.0
a 40 41 0 769156.0 1.0
a 40 46 0 361847.0 3.0
a 40 19 0 361847.0 12392.0
a 40 29 0 361847.0 98.0
a 40 37 0 361847.0 1.0
a 40 38 0 361847.0 1.0
a 40 39 0 361847.0 1.0
a 40 39 0 361847.0 1.0
a 40 38 0 361847.0 1.0
a 40 37 0 361847.0 1.0
a 40 29 0 361847.0 105.0
a 40 19 0 361847.0 12513.0
a 41 37 0 769156.0 1.0
a 41 38 0 769156.0 1.0
a 41 39 0 769156.0 1.0
a 41 40 0 769156.0 1.0
a 41 40 0 769156.0 1.0
a 41 39 0 769156.0 1.0
a 41 38 0 769156.0 1.0
a 41 37 0 769156.0 1.0
a 42 0 0 361847.0 36148.0
a 42 14 0 361847.0 1657.0
a 42 14 0 361847.0 1663.0
a 42 0 0 361847.0 35906.0
a 43 27 0 361847.0 3356.0
a 43 29 0 361847.0 3274.0
a 43 38 0 361847.0 3329.0
a 43 38 0 361847.0 3346.0
a 43 29 0 361847.0 3252.0
a 43 27 0 361847.0 3335.0
a 44 30 0 361847.0 2398.0
a 44 32 0 361847.0 2424.0
a 44 39 0 361847.0 2469.0
a 44 39 0 361847.0 2471.0
a 44 32 0 361847.0 2381.0
a 44 30 0 361847.0 2433.0
a 45 17 0 361847.0 51335.0
a 45 34 0 361847.0 179.0
a 45 34 0 361847.0 187.0
a 45 17 0 361847.0 53212.0
a 46 28 0 361847.0 104.0
a 46 31 0 361847.0 99.0
a 46 37 0 361847.0 4.0
a 46 38 0 361847.0 4.0
a 46 40 0 361847.0 4.0
a 46 40 0 361847.0 3.0
a 46 38 0 361847.0 4.0
a 46 37 0 361847.0 4.0
a 46 31 0 361847.0 100.0
a 46 28 0 361847.0 100.0
a 47 48 0 361847.0 1.0
a 47 48 0 361847.0 1.0
a 47 14 0 361847.0 323323.0
a 47 24 0 361847.0 1.0
a 47 25 0 361847.0 1.0
a 47 26 0 769156.0 1.0
a 47 25 0 361847.0 1.0
a 47 24 0 361847.0 1.0
a 47 26 0 769156.0 1.0
a 47 14 0 361847.0 324654.0
a 48 24 0 361847.0 1.0
a 48 25 0 361847.0 1.0
a 48 26 0 769156.0 1.0
a 48 35 0 361847.0 202166.0
a 48 47 0 361847.0 1.0
a 48 47 0 361847.0 1.0
a 48 25 0 361847.0 1.0
a 48 24 0 361847.0 1.0
a 48 26 0 769156.0 1.0
a 48 35 0 361847.0 205111.0
