p min 49 520
n 18 -769176.0
n 19 14244.0
n 20 14244.0
n 21 14244.0
n 22 14244.0
n 24 7122.0
n 25 7122.0
n 27 21366.0
n 28 21366.0
n 29 21366.0
n 30 21366.0
n 31 21366.0
n 32 21366.0
n 34 21366.0
n 35 21366.0
n 37 49854.0
n 38 49854.0
n 39 49854.0
n 40 49854.0
n 42 42732.0
n 43 49854.0
n 44 28488.0
n 45 49854.0
n 46 142440.0
n 47 7122.0
n 48 7122.0
a 0 4 0 769176.0 27179.0
a 0 8 0 769176.0 102187.0
a 0 42 0 769176.0 44291.0
a 0 3 0 769176.0 25706.0
a 0 2 0 769176.0 25706.0
a 0 1 0 769176.0 30872.0
a 0 1 0 769176.0 86224.0
a 0 2 0 769176.0 77539.0
a 0 3 0 769176.0 71226.0
a 0 4 0 769176.0 25706.0
a 0 8 0 769176.0 142766.0
a 0 42 0 769176.0 204824.0
a 0 1 0 769176.0 0.0
a 0 1 0 769176.0 0.0
a 0 2 0 769176.0 0.0
a 0 2 0 769176.0 0.0
a 0 3 0 769176.0 0.0
a 0 3 0 769176.0 0.0
a 0 4 0 769176.0 0.0
a 0 4 0 769176.0 0.0
a 0 8 0 769176.0 0.0
a 0 8 0 769176.0 0.0
a 0 42 0 769176.0 0.0
a 0 42 0 769176.0 0.0
a 1 0 0 769176.0 0.0
a 1 0 0 769176.0 0.0
a 1 4 0 769176.0 28444.0
a 1 20 0 769176.0 123704.0
a 1 39 0 769176.0 126358.0
a 1 3 0 769176.0 25706.0
a 1 2 0 769176.0 25706.0
a 1 2 0 769176.0 45603.0
a 1 3 0 769176.0 108907.0
a 1 4 0 769176.0 25706.0
a 1 20 0 769176.0 117621.0
a 1 39 0 769176.0 149752.0
a 1 0 0 769176.0 30872.0
a 1 0 0 769176.0 86224.0
a 1 2 0 769176.0 0.0
a 1 2 0 769176.0 0.0
a 1 3 0 769176.0 0.0
a 1 3 0 769176.0 0.0
a 1 4 0 769176.0 0.0
a 1 4 0 769176.0 0.0
a 1 20 0 769176.0 0.0
a 1 20 0 769176.0 0.0
a 1 39 0 769176.0 0.0
a 1 39 0 769176.0 0.0
a 2 0 0 769176.0 0.0
a 2 0 0 769176.0 0.0
a 2 1 0 769176.0 0.0
a 2 1 0 769176.0 0.0
a 2 4 0 769176.0 27757.0
a 2 32 0 769176.0 126358.0
a 2 16 0 769176.0 57601.0
a 2 3 0 769176.0 25706.0
a 2 3 0 769176.0 43708.0
a 2 4 0 769176.0 25706.0
a 2 16 0 769176.0 62707.0
a 2 32 0 769176.0 68265.0
a 2 0 0 769176.0 25706.0
a 2 1 0 769176.0 25706.0
a 2 1 0 769176.0 45603.0
a 2 0 0 769176.0 77539.0
a 2 3 0 769176.0 0.0
a 2 3 0 769176.0 0.0
a 2 4 0 769176.0 0.0
a 2 4 0 769176.0 0.0
a 2 16 0 769176.0 0.0
a 2 16 0 769176.0 0.0
a 2 32 0 769176.0 0.0
a 2 32 0 769176.0 0.0
a 3 0 0 769176.0 0.0
a 3 0 0 769176.0 0.0
a 3 1 0 769176.0 0.0
a 3 1 0 769176.0 0.0
a 3 2 0 769176.0 0.0
a 3 2 0 769176.0 0.0
a 3 14 0 769176.0 74316.0
a 3 4 0 769176.0 27870.0
a 3 27 0 769176.0 111244.0
a 3 4 0 769176.0 25706.0
a 3 14 0 769176.0 137559.0
a 3 27 0 769176.0 108907.0
a 3 0 0 769176.0 25706.0
a 3 1 0 769176.0 25706.0
a 3 2 0 769176.0 25706.0
a 3 2 0 769176.0 43708.0
a 3 1 0 769176.0 108907.0
a 3 0 0 769176.0 71226.0
a 3 4 0 769176.0 0.0
a 3 4 0 769176.0 0.0
a 3 14 0 769176.0 0.0
a 3 14 0 769176.0 0.0
a 3 27 0 769176.0 0.0
a 3 27 0 769176.0 0.0
a 4 0 0 769176.0 0.0
a 4 0 0 769176.0 0.0
a 4 1 0 769176.0 0.0
a 4 1 0 769176.0 0.0
a 4 2 0 769176.0 0.0
a 4 2 0 769176.0 0.0
a 4 3 0 769176.0 0.0
a 4 3 0 769176.0 0.0
a 4 0 0 769176.0 27179.0
a 4 1 0 769176.0 28444.0
a 4 2 0 769176.0 27757.0
a 4 3 0 769176.0 27870.0
a 4 3 0 769176.0 25706.0
a 4 2 0 769176.0 25706.0
a 4 1 0 769176.0 25706.0
a 4 0 0 769176.0 25706.0
a 5 7 0 769176.0 26794.0
a 5 20 0 769176.0 88074.0
a 5 10 0 769176.0 146606.0
a 5 6 0 769176.0 88367.0
a 5 6 0 769176.0 26450.0
a 5 7 0 769176.0 25881.0
a 5 10 0 769176.0 44057.0
a 5 20 0 769176.0 66301.0
a 5 6 0 769176.0 0.0
a 5 6 0 769176.0 0.0
a 5 7 0 769176.0 0.0
a 5 7 0 769176.0 0.0
a 5 10 0 769176.0 0.0
a 5 10 0 769176.0 0.0
a 5 20 0 769176.0 0.0
a 5 20 0 769176.0 0.0
a 6 5 0 769176.0 0.0
a 6 5 0 769176.0 0.0
a 6 7 0 769176.0 27271.0
a 6 37 0 769176.0 173747.0
a 6 29 0 769176.0 75910.0
a 6 7 0 769176.0 25706.0
a 6 29 0 769176.0 99775.0
a 6 37 0 769176.0 49778.0
a 6 5 0 769176.0 88367.0
a 6 5 0 769176.0 26450.0
a 6 7 0 769176.0 0.0
a 6 7 0 769176.0 0.0
a 6 29 0 769176.0 0.0
a 6 29 0 769176.0 0.0
a 6 37 0 769176.0 0.0
a 6 37 0 769176.0 0.0
a 7 5 0 769176.0 0.0
a 7 5 0 769176.0 0.0
a 7 6 0 769176.0 0.0
a 7 6 0 769176.0 0.0
a 7 5 0 769176.0 26794.0
a 7 6 0 769176.0 27271.0
a 7 6 0 769176.0 25706.0
a 7 5 0 769176.0 25881.0
a 8 0 0 769176.0 0.0
a 8 0 0 769176.0 0.0
a 8 12 0 769176.0 26135.0
a 8 25 0 769176.0 76517.0
a 8 11 0 769176.0 38480.0
a 8 10 0 769176.0 60099.0
a 8 9 0 769176.0 25706.0
a 8 9 0 769176.0 89964.0
a 8 10 0 769176.0 86453.0
a 8 11 0 769176.0 146606.0
a 8 12 0 769176.0 26453.0
a 8 25 0 769176.0 105634.0
a 8 0 0 769176.0 102187.0
a 8 0 0 769176.0 142766.0
a 8 9 0 769176.0 0.0
a 8 9 0 769176.0 0.0
a 8 10 0 769176.0 0.0
a 8 10 0 769176.0 0.0
a 8 11 0 769176.0 0.0
a 8 11 0 769176.0 0.0
a 8 12 0 769176.0 0.0
a 8 12 0 769176.0 0.0
a 8 25 0 769176.0 0.0
a 8 25 0 769176.0 0.0
a 9 8 0 769176.0 0.0
a 9 8 0 769176.0 0.0
a 9 12 0 769176.0 26775.0
a 9 14 0 769176.0 67365.0
a 9 35 0 769176.0 68719.0
a 9 17 0 769176.0 63124.0
a 9 11 0 769176.0 25706.0
a 9 10 0 769176.0 61389.0
a 9 10 0 769176.0 97420.0
a 9 11 0 769176.0 163025.0
a 9 12 0 769176.0 25783.0
a 9 14 0 769176.0 97808.0
a 9 17 0 769176.0 216851.0
a 9 35 0 769176.0 155627.0
a 9 8 0 769176.0 25706.0
a 9 8 0 769176.0 89964.0
a 9 10 0 769176.0 0.0
a 9 10 0 769176.0 0.0
a 9 11 0 769176.0 0.0
a 9 11 0 769176.0 0.0
a 9 12 0 769176.0 0.0
a 9 12 0 769176.0 0.0
a 9 14 0 769176.0 0.0
a 9 14 0 769176.0 0.0
a 9 17 0 769176.0 0.0
a 9 17 0 769176.0 0.0
a 9 35 0 769176.0 0.0
a 9 35 0 769176.0 0.0
a 10 5 0 769176.0 0.0
a 10 5 0 769176.0 0.0
a 10 8 0 769176.0 0.0
a 10 8 0 769176.0 0.0
a 10 9 0 769176.0 0.0
a 10 9 0 769176.0 0.0
a 10 11 0 769176.0 27984.0
a 10 12 0 769176.0 26605.0
a 10 28 0 769176.0 75308.0
a 10 11 0 769176.0 41890.0
a 10 12 0 769176.0 26146.0
a 10 28 0 769176.0 78367.0
a 10 5 0 769176.0 146606.0
a 10 8 0 769176.0 60099.0
a 10 9 0 769176.0 61389.0
a 10 9 0 769176.0 97420.0
a 10 8 0 769176.0 86453.0
a 10 5 0 769176.0 44057.0
a 10 11 0 769176.0 0.0
a 10 11 0 769176.0 0.0
a 10 12 0 769176.0 0.0
a 10 12 0 769176.0 0.0
a 10 28 0 769176.0 0.0
a 10 28 0 769176.0 0.0
a 11 8 0 769176.0 0.0
a 11 8 0 769176.0 0.0
a 11 9 0 769176.0 0.0
a 11 9 0 769176.0 0.0
a 11 10 0 769176.0 0.0
a 11 10 0 769176.0 0.0
a 11 38 0 769176.0 529683.0
a 11 12 0 769176.0 29990.0
a 11 31 0 769176.0 56993.0
a 11 21 0 769176.0 69545.0
a 11 12 0 769176.0 25978.0
a 11 21 0 769176.0 135027.0
a 11 31 0 769176.0 51937.0
a 11 38 0 769176.0 107187.0
a 11 8 0 769176.0 38480.0
a 11 9 0 769176.0 25706.0
a 11 10 0 769176.0 27984.0
a 11 10 0 769176.0 41890.0
a 11 9 0 769176.0 163025.0
a 11 8 0 769176.0 146606.0
a 11 12 0 769176.0 0.0
a 11 12 0 769176.0 0.0
a 11 21 0 769176.0 0.0
a 11 21 0 769176.0 0.0
a 11 31 0 769176.0 0.0
a 11 31 0 769176.0 0.0
a 11 38 0 769176.0 0.0
a 11 38 0 769176.0 0.0
a 12 8 0 769176.0 0.0
a 12 8 0 769176.0 0.0
a 12 9 0 769176.0 0.0
a 12 9 0 769176.0 0.0
a 12 10 0 769176.0 0.0
a 12 10 0 769176.0 0.0
a 12 11 0 769176.0 0.0
a 12 11 0 769176.0 0.0
a 12 8 0 769176.0 26135.0
a 12 9 0 769176.0 26775.0
a 12 10 0 769176.0 26605.0
a 12 11 0 769176.0 29990.0
a 12 11 0 769176.0 25978.0
a 12 10 0 769176.0 26146.0
a 12 9 0 769176.0 25783.0
a 12 8 0 769176.0 26453.0
a 13 35 0 769176.0 62003.0
a 13 15 0 769176.0 25841.0
a 13 31 0 769176.0 75009.0
a 13 38 0 769176.0 92814.0
a 13 14 0 769176.0 40149.0
a 13 14 0 769176.0 40149.0
a 13 15 0 769176.0 27701.0
a 13 31 0 769176.0 118561.0
a 13 35 0 769176.0 55832.0
a 13 38 0 769176.0 176888.0
a 13 14 0 769176.0 0.0
a 13 14 0 769176.0 0.0
a 13 15 0 769176.0 0.0
a 13 15 0 769176.0 0.0
a 13 31 0 769176.0 0.0
a 13 31 0 769176.0 0.0
a 13 35 0 769176.0 0.0
a 13 35 0 769176.0 0.0
a 13 38 0 769176.0 0.0
a 13 38 0 769176.0 0.0
a 14 3 0 769176.0 0.0
a 14 3 0 769176.0 0.0
a 14 9 0 769176.0 0.0
a 14 9 0 769176.0 0.0
a 14 13 0 769176.0 0.0
a 14 13 0 769176.0 0.0
a 14 47 0 769176.0 50009.0
a 14 42 0 769176.0 46551.0
a 14 15 0 769176.0 25706.0
a 14 15 0 769176.0 26962.0
a 14 42 0 769176.0 125440.0
a 14 47 0 769176.0 74464.0
a 14 3 0 769176.0 74316.0
a 14 9 0 769176.0 67365.0
a 14 13 0 769176.0 40149.0
a 14 3 0 769176.0 137559.0
a 14 13 0 769176.0 40149.0
a 14 9 0 769176.0 97808.0
a 14 15 0 769176.0 0.0
a 14 15 0 769176.0 0.0
a 14 42 0 769176.0 0.0
a 14 42 0 769176.0 0.0
a 14 47 0 769176.0 0.0
a 14 47 0 769176.0 0.0
a 15 13 0 769176.0 0.0
a 15 13 0 769176.0 0.0
a 15 14 0 769176.0 0.0
a 15 14 0 769176.0 0.0
a 15 13 0 769176.0 25841.0
a 15 14 0 769176.0 25706.0
a 15 14 0 769176.0 26962.0
a 15 13 0 769176.0 27701.0
a 16 2 0 769176.0 0.0
a 16 2 0 769176.0 0.0
a 16 18 0 769176.0 25893.0
a 16 39 0 769176.0 46520.0
a 16 17 0 769176.0 45785.0
a 16 17 0 769176.0 68174.0
a 16 18 0 769176.0 27625.0
a 16 39 0 769176.0 265666.0
a 16 2 0 769176.0 57601.0
a 16 2 0 769176.0 62707.0
a 16 17 0 769176.0 0.0
a 16 17 0 769176.0 0.0
a 16 18 0 769176.0 0.0
a 16 18 0 769176.0 0.0
a 16 39 0 769176.0 0.0
a 16 39 0 769176.0 0.0
a 17 9 0 769176.0 0.0
a 17 9 0 769176.0 0.0
a 17 16 0 769176.0 0.0
a 17 16 0 769176.0 0.0
a 17 18 0 769176.0 25706.0
a 17 34 0 769176.0 48281.0
a 17 45 0 769176.0 34329.0
a 17 18 0 769176.0 26527.0
a 17 34 0 769176.0 66831.0
a 17 45 0 769176.0 251265.0
a 17 9 0 769176.0 63124.0
a 17 16 0 769176.0 45785.0
a 17 16 0 769176.0 68174.0
a 17 9 0 769176.0 216851.0
a 17 18 0 769176.0 0.0
a 17 18 0 769176.0 0.0
a 17 34 0 769176.0 0.0
a 17 34 0 769176.0 0.0
a 17 45 0 769176.0 0.0
a 17 45 0 769176.0 0.0
a 18 16 0 769176.0 0.0
a 18 16 0 769176.0 0.0
a 18 17 0 769176.0 0.0
a 18 17 0 769176.0 0.0
a 18 16 0 769176.0 25893.0
a 18 17 0 769176.0 25706.0
a 18 17 0 769176.0 26527.0
a 18 16 0 769176.0 27625.0
a 19 23 0 769176.0 26685.0
a 19 40 0 769176.0 82639.0
a 19 22 0 769176.0 25706.0
a 19 21 0 769176.0 32641.0
a 19 20 0 769176.0 36880.0
a 19 20 0 769176.0 37671.0
a 19 21 0 769176.0 31618.0
a 19 22 0 769176.0 54046.0
a 19 23 0 769176.0 25811.0
a 19 40 0 769176.0 72754.0
a 19 20 0 769176.0 0.0
a 19 20 0 769176.0 0.0
a 19 21 0 769176.0 0.0
a 19 21 0 769176.0 0.0
a 19 22 0 769176.0 0.0
a 19 22 0 769176.0 0.0
a 19 23 0 769176.0 0.0
a 19 23 0 769176.0 0.0
a 19 40 0 769176.0 0.0
a 19 40 0 769176.0 0.0
a 20 1 0 769176.0 0.0
a 20 1 0 769176.0 0.0
a 20 5 0 769176.0 0.0
a 20 5 0 769176.0 0.0
a 20 19 0 769176.0 0.0
a 20 19 0 769176.0 0.0
a 20 23 0 769176.0 26476.0
a 20 22 0 769176.0 36105.0
a 20 21 0 769176.0 43017.0
a 20 21 0 769176.0 35914.0
a 20 22 0 769176.0 37671.0
a 20 23 0 769176.0 26317.0
a 20 1 0 769176.0 123704.0
a 20 5 0 769176.0 88074.0
a 20 19 0 769176.0 36880.0
a 20 19 0 769176.0 37671.0
a 20 5 0 769176.0 66301.0
a 20 1 0 769176.0 117621.0
a 20 21 0 769176.0 0.0
a 20 21 0 769176.0 0.0
a 20 22 0 769176.0 0.0
a 20 22 0 769176.0 0.0
a 20 23 0 769176.0 0.0
a 20 23 0 769176.0 0.0
a 21 11 0 769176.0 0.0
a 21 11 0 769176.0 0.0
a 21 19 0 769176.0 0.0
a 21 19 0 769176.0 0.0
a 21 20 0 769176.0 0.0
a 21 20 0 769176.0 0.0
a 21 23 0 769176.0 25706.0
a 21 22 0 769176.0 33298.0
a 21 22 0 769176.0 39989.0
a 21 23 0 769176.0 26324.0
a 21 11 0 769176.0 69545.0
a 21 19 0 769176.0 32641.0
a 21 20 0 769176.0 43017.0
a 21 20 0 769176.0 35914.0
a 21 19 0 769176.0 31618.0
a 21 11 0 769176.0 135027.0
a 21 22 0 769176.0 0.0
a 21 22 0 769176.0 0.0
a 21 23 0 769176.0 0.0
a 21 23 0 769176.0 0.0
a 22 19 0 769176.0 0.0
a 22 19 0 769176.0 0.0
a 22 20 0 769176.0 0.0
a 22 20 0 769176.0 0.0
a 22 21 0 769176.0 0.0
a 22 21 0 769176.0 0.0
a 22 23 0 769176.0 26866.0
a 22 27 0 769176.0 102187.0
a 22 23 0 769176.0 25706.0
a 22 27 0 769176.0 100040.0
a 22 19 0 769176.0 25706.0
a 22 20 0 769176.0 36105.0
a 22 21 0 769176.0 33298.0
a 22 21 0 769176.0 39989.0
a 22 20 0 769176.0 37671.0
a 22 19 0 769176.0 54046.0
a 22 23 0 769176.0 0.0
a 22 23 0 769176.0 0.0
a 22 27 0 769176.0 0.0
a 22 27 0 769176.0 0.0
a 23 19 0 769176.0 0.0
a 23 19 0 769176.0 0.0
a 23 20 0 769176.0 0.0
a 23 20 0 769176.0 0.0
a 23 21 0 769176.0 0.0
a 23 21 0 769176.0 0.0
a 23 22 0 769176.0 0.0
a 23 22 0 769176.0 0.0
a 23 19 0 769176.0 26685.0
a 23 20 0 769176.0 26476.0
a 23 21 0 769176.0 25706.0
a 23 22 0 769176.0 26866.0
a 23 22 0 769176.0 25706.0
a 23 21 0 769176.0 26324.0
a 23 20 0 769176.0 26317.0
a 23 19 0 769176.0 25811.0
a 24 25 0 769176.0 35066.0
a 24 47 0 769176.0 25706.0
a 24 48 0 769176.0 25706.0
a 24 26 0 769176.0 28646.0
a 24 30 0 769176.0 758666.0
a 24 25 0 769176.0 36394.0
a 24 26 0 769176.0 26429.0
a 24 30 0 769176.0 118129.0
a 24 47 0 769176.0 33877.0
a 24 48 0 769176.0 35346.0
a 24 25 0 769176.0 0.0
a 24 25 0 769176.0 0.0
a 24 26 0 769176.0 0.0
a 24 26 0 769176.0 0.0
a 24 30 0 769176.0 0.0
a 24 30 0 769176.0 0.0
a 24 47 0 769176.0 0.0
a 24 47 0 769176.0 0.0
a 24 48 0 769176.0 0.0
a 24 48 0 769176.0 0.0
a 25 8 0 769176.0 0.0
a 25 8 0 769176.0 0.0
a 25 24 0 769176.0 0.0
a 25 24 0 769176.0 0.0
a 25 47 0 769176.0 29549.0
a 25 48 0 769176.0 32902.0
a 25 26 0 769176.0 25706.0
a 25 26 0 769176.0 26753.0
a 25 47 0 769176.0 30465.0
a 25 48 0 769176.0 33165.0
a 25 8 0 769176.0 76517.0
a 25 24 0 769176.0 35066.0
a 25 24 0 769176.0 36394.0
a 25 8 0 769176.0 105634.0
a 25 26 0 769176.0 0.0
a 25 26 0 769176.0 0.0
a 25 47 0 769176.0 0.0
a 25 47 0 769176.0 0.0
a 25 48 0 769176.0 0.0
a 25 48 0 769176.0 0.0
a 26 24 0 769176.0 0.0
a 26 24 0 769176.0 0.0
a 26 25 0 769176.0 0.0
a 26 25 0 769176.0 0.0
a 26 47 0 769176.0 25993.0
a 26 48 0 769176.0 26367.0
a 26 47 0 769176.0 26318.0
a 26 48 0 769176.0 26353.0
a 26 24 0 769176.0 28646.0
a 26 25 0 769176.0 25706.0
a 26 25 0 769176.0 26753.0
a 26 24 0 769176.0 26429.0
a 26 47 0 769176.0 0.0
a 26 47 0 769176.0 0.0
a 26 48 0 769176.0 0.0
a 26 48 0 769176.0 0.0
a 27 3 0 769176.0 0.0
a 27 3 0 769176.0 0.0
a 27 22 0 769176.0 0.0
a 27 22 0 769176.0 0.0
a 27 33 0 769176.0 25811.0
a 27 43 0 769176.0 90503.0
a 27 32 0 769176.0 37671.0
a 27 31 0 769176.0 38480.0
a 27 30 0 769176.0 57965.0
a 27 29 0 769176.0 40149.0
a 27 28 0 769176.0 48926.0
a 27 28 0 769176.0 49646.0
a 27 29 0 769176.0 36880.0
a 27 30 0 769176.0 83882.0
a 27 31 0 769176.0 39883.0
a 27 32 0 769176.0 37671.0
a 27 33 0 769176.0 26848.0
a 27 43 0 769176.0 89428.0
a 27 3 0 769176.0 111244.0
a 27 22 0 769176.0 102187.0
a 27 22 0 769176.0 100040.0
a 27 3 0 769176.0 108907.0
a 27 28 0 769176.0 0.0
a 27 28 0 769176.0 0.0
a 27 29 0 769176.0 0.0
a 27 29 0 769176.0 0.0
a 27 30 0 769176.0 0.0
a 27 30 0 769176.0 0.0
a 27 31 0 769176.0 0.0
a 27 31 0 769176.0 0.0
a 27 32 0 769176.0 0.0
a 27 32 0 769176.0 0.0
a 27 33 0 769176.0 0.0
a 27 33 0 769176.0 0.0
a 27 43 0 769176.0 0.0
a 27 43 0 769176.0 0.0
a 28 10 0 769176.0 0.0
a 28 10 0 769176.0 0.0
a 28 27 0 769176.0 0.0
a 28 27 0 769176.0 0.0
a 28 33 0 769176.0 26164.0
a 28 37 0 769176.0 59288.0
a 28 46 0 769176.0 51748.0
a 28 32 0 769176.0 48603.0
a 28 31 0 769176.0 25706.0
a 28 30 0 769176.0 81469.0
a 28 29 0 769176.0 28585.0
a 28 29 0 769176.0 33165.0
a 28 30 0 769176.0 71202.0
a 28 31 0 769176.0 33165.0
a 28 32 0 769176.0 57296.0
a 28 33 0 769176.0 26255.0
a 28 37 0 769176.0 112768.0
a 28 46 0 769176.0 66367.0
a 28 10 0 769176.0 75308.0
a 28 27 0 769176.0 48926.0
a 28 27 0 769176.0 49646.0
a 28 10 0 769176.0 78367.0
a 28 29 0 769176.0 0.0
a 28 29 0 769176.0 0.0
a 28 30 0 769176.0 0.0
a 28 30 0 769176.0 0.0
a 28 31 0 769176.0 0.0
a 28 31 0 769176.0 0.0
a 28 32 0 769176.0 0.0
a 28 32 0 769176.0 0.0
a 28 33 0 769176.0 0.0
a 28 33 0 769176.0 0.0
a 28 37 0 769176.0 0.0
a 28 37 0 769176.0 0.0
a 28 46 0 769176.0 0.0
a 28 46 0 769176.0 0.0
a 29 6 0 769176.0 0.0
a 29 6 0 769176.0 0.0
a 29 27 0 769176.0 0.0
a 29 27 0 769176.0 0.0
a 29 28 0 769176.0 0.0
a 29 28 0 769176.0 0.0
a 29 33 0 769176.0 26612.0
a 29 40 0 769176.0 60701.0
a 29 43 0 769176.0 56391.0
a 29 32 0 769176.0 36880.0
a 29 31 0 769176.0 36345.0
a 29 30 0 769176.0 43232.0
a 29 30 0 769176.0 45377.0
a 29 31 0 769176.0 36442.0
a 29 32 0 769176.0 40149.0
a 29 33 0 769176.0 26322.0
a 29 40 0 769176.0 38098.0
a 29 43 0 769176.0 47582.0
a 29 6 0 769176.0 75910.0
a 29 27 0 769176.0 40149.0
a 29 28 0 769176.0 28585.0
a 29 28 0 769176.0 33165.0
a 29 27 0 769176.0 36880.0
a 29 6 0 769176.0 99775.0
a 29 30 0 769176.0 0.0
a 29 30 0 769176.0 0.0
a 29 31 0 769176.0 0.0
a 29 31 0 769176.0 0.0
a 29 32 0 769176.0 0.0
a 29 32 0 769176.0 0.0
a 29 33 0 769176.0 0.0
a 29 33 0 769176.0 0.0
a 29 40 0 769176.0 0.0
a 29 40 0 769176.0 0.0
a 29 43 0 769176.0 0.0
a 29 43 0 769176.0 0.0
a 30 24 0 769176.0 0.0
a 30 24 0 769176.0 0.0
a 30 27 0 769176.0 0.0
a 30 27 0 769176.0 0.0
a 30 28 0 769176.0 0.0
a 30 28 0 769176.0 0.0
a 30 29 0 769176.0 0.0
a 30 29 0 769176.0 0.0
a 30 33 0 769176.0 26093.0
a 30 44 0 769176.0 65797.0
a 30 32 0 769176.0 40162.0
a 30 31 0 769176.0 38697.0
a 30 31 0 769176.0 75885.0
a 30 32 0 769176.0 31776.0
a 30 33 0 769176.0 26022.0
a 30 44 0 769176.0 174846.0
a 30 24 0 769176.0 758666.0
a 30 27 0 769176.0 57965.0
a 30 28 0 769176.0 81469.0
a 30 29 0 769176.0 43232.0
a 30 29 0 769176.0 45377.0
a 30 28 0 769176.0 71202.0
a 30 27 0 769176.0 83882.0
a 30 24 0 769176.0 118129.0
a 30 31 0 769176.0 0.0
a 30 31 0 769176.0 0.0
a 30 32 0 769176.0 0.0
a 30 32 0 769176.0 0.0
a 30 33 0 769176.0 0.0
a 30 33 0 769176.0 0.0
a 30 44 0 769176.0 0.0
a 30 44 0 769176.0 0.0
a 31 11 0 769176.0 0.0
a 31 11 0 769176.0 0.0
a 31 13 0 769176.0 0.0
a 31 13 0 769176.0 0.0
a 31 27 0 769176.0 0.0
a 31 27 0 769176.0 0.0
a 31 28 0 769176.0 0.0
a 31 28 0 769176.0 0.0
a 31 29 0 769176.0 0.0
a 31 29 0 769176.0 0.0
a 31 30 0 769176.0 0.0
a 31 30 0 769176.0 0.0
a 31 33 0 769176.0 27068.0
a 31 46 0 769176.0 89964.0
a 31 32 0 769176.0 41890.0
a 31 32 0 769176.0 35346.0
a 31 33 0 769176.0 25951.0
a 31 46 0 769176.0 49646.0
a 31 11 0 769176.0 56993.0
a 31 13 0 769176.0 75009.0
a 31 27 0 769176.0 38480.0
a 31 28 0 769176.0 25706.0
a 31 29 0 769176.0 36345.0
a 31 30 0 769176.0 38697.0
a 31 30 0 769176.0 75885.0
a 31 29 0 769176.0 36442.0
a 31 28 0 769176.0 33165.0
a 31 27 0 769176.0 39883.0
a 31 13 0 769176.0 118561.0
a 31 11 0 769176.0 51937.0
a 31 32 0 769176.0 0.0
a 31 32 0 769176.0 0.0
a 31 33 0 769176.0 0.0
a 31 33 0 769176.0 0.0
a 31 46 0 769176.0 0.0
a 31 46 0 769176.0 0.0
a 32 2 0 769176.0 0.0
a 32 2 0 769176.0 0.0
a 32 27 0 769176.0 0.0
a 32 27 0 769176.0 0.0
a 32 28 0 769176.0 0.0
a 32 28 0 769176.0 0.0
a 32 29 0 769176.0 0.0
a 32 29 0 769176.0 0.0
a 32 30 0 769176.0 0.0
a 32 30 0 769176.0 0.0
a 32 31 0 769176.0 0.0
a 32 31 0 769176.0 0.0
a 32 33 0 769176.0 25706.0
a 32 44 0 769176.0 65080.0
a 32 33 0 769176.0 25934.0
a 32 44 0 769176.0 62707.0
a 32 2 0 769176.0 126358.0
a 32 27 0 769176.0 37671.0
a 32 28 0 769176.0 48603.0
a 32 29 0 769176.0 36880.0
a 32 30 0 769176.0 40162.0
a 32 31 0 769176.0 41890.0
a 32 31 0 769176.0 35346.0
a 32 30 0 769176.0 31776.0
a 32 29 0 769176.0 40149.0
a 32 28 0 769176.0 57296.0
a 32 27 0 769176.0 37671.0
a 32 2 0 769176.0 68265.0
a 32 33 0 769176.0 0.0
a 32 33 0 769176.0 0.0
a 32 44 0 769176.0 0.0
a 32 44 0 769176.0 0.0
a 33 27 0 769176.0 0.0
a 33 27 0 769176.0 0.0
a 33 28 0 769176.0 0.0
a 33 28 0 769176.0 0.0
a 33 29 0 769176.0 0.0
a 33 29 0 769176.0 0.0
a 33 30 0 769176.0 0.0
a 33 30 0 769176.0 0.0
a 33 31 0 769176.0 0.0
a 33 31 0 769176.0 0.0
a 33 32 0 769176.0 0.0
a 33 32 0 769176.0 0.0
a 33 27 0 769176.0 25811.0
a 33 28 0 769176.0 26164.0
a 33 29 0 769176.0 26612.0
a 33 30 0 769176.0 26093.0
a 33 31 0 769176.0 27068.0
a 33 32 0 769176.0 25706.0
a 33 32 0 769176.0 25934.0
a 33 31 0 769176.0 25951.0
a 33 30 0 769176.0 26022.0
a 33 29 0 769176.0 26322.0
a 33 28 0 769176.0 26255.0
a 33 27 0 769176.0 26848.0
a 34 17 0 769176.0 0.0
a 34 17 0 769176.0 0.0
a 34 37 0 769176.0 173747.0
a 34 36 0 769176.0 27298.0
a 34 45 0 769176.0 32630.0
a 34 35 0 769176.0 34656.0
a 34 35 0 769176.0 53254.0
a 34 36 0 769176.0 27042.0
a 34 37 0 769176.0 419916.0
a 34 45 0 769176.0 101680.0
a 34 17 0 769176.0 48281.0
a 34 17 0 769176.0 66831.0
a 34 35 0 769176.0 0.0
a 34 35 0 769176.0 0.0
a 34 36 0 769176.0 0.0
a 34 36 0 769176.0 0.0
a 34 37 0 769176.0 0.0
a 34 37 0 769176.0 0.0
a 34 45 0 769176.0 0.0
a 34 45 0 769176.0 0.0
a 35 9 0 769176.0 0.0
a 35 9 0 769176.0 0.0
a 35 13 0 769176.0 0.0
a 35 13 0 769176.0 0.0
a 35 34 0 769176.0 0.0
a 35 34 0 769176.0 0.0
a 35 48 0 769176.0 74959.0
a 35 36 0 769176.0 26040.0
a 35 36 0 769176.0 26757.0
a 35 48 0 769176.0 84356.0
a 35 9 0 769176.0 68719.0
a 35 13 0 769176.0 62003.0
a 35 34 0 769176.0 34656.0
a 35 13 0 769176.0 55832.0
a 35 34 0 769176.0 53254.0
a 35 9 0 769176.0 155627.0
a 35 36 0 769176.0 0.0
a 35 36 0 769176.0 0.0
a 35 48 0 769176.0 0.0
a 35 48 0 769176.0 0.0
a 36 34 0 769176.0 0.0
a 36 34 0 769176.0 0.0
a 36 35 0 769176.0 0.0
a 36 35 0 769176.0 0.0
a 36 34 0 769176.0 27298.0
a 36 35 0 769176.0 26040.0
a 36 35 0 769176.0 26757.0
a 36 34 0 769176.0 27042.0
a 37 6 0 769176.0 0.0
a 37 6 0 769176.0 0.0
a 37 28 0 769176.0 0.0
a 37 28 0 769176.0 0.0
a 37 34 0 769176.0 0.0
a 37 34 0 769176.0 0.0
a 37 41 0 769176.0 27439.0
a 37 46 0 769176.0 40956.0
a 37 40 0 769176.0 43708.0
a 37 39 0 769176.0 55206.0
a 37 38 0 769176.0 76822.0
a 37 38 0 769176.0 58138.0
a 37 39 0 769176.0 100040.0
a 37 40 0 769176.0 61389.0
a 37 41 0 769176.0 27523.0
a 37 46 0 769176.0 126358.0
a 37 6 0 769176.0 173747.0
a 37 28 0 769176.0 59288.0
a 37 34 0 769176.0 173747.0
a 37 34 0 769176.0 419916.0
a 37 28 0 769176.0 112768.0
a 37 6 0 769176.0 49778.0
a 37 38 0 769176.0 0.0
a 37 38 0 769176.0 0.0
a 37 39 0 769176.0 0.0
a 37 39 0 769176.0 0.0
a 37 40 0 769176.0 0.0
a 37 40 0 769176.0 0.0
a 37 41 0 769176.0 0.0
a 37 41 0 769176.0 0.0
a 37 46 0 769176.0 0.0
a 37 46 0 769176.0 0.0
a 38 11 0 769176.0 0.0
a 38 11 0 769176.0 0.0
a 38 13 0 769176.0 0.0
a 38 13 0 769176.0 0.0
a 38 37 0 769176.0 0.0
a 38 37 0 769176.0 0.0
a 38 41 0 769176.0 26378.0
a 38 46 0 769176.0 42281.0
a 38 43 0 769176.0 80581.0
a 38 40 0 769176.0 52422.0
a 38 39 0 769176.0 60822.0
a 38 39 0 769176.0 75009.0
a 38 40 0 769176.0 48026.0
a 38 41 0 769176.0 26812.0
a 38 43 0 769176.0 109342.0
a 38 46 0 769176.0 31119.0
a 38 11 0 769176.0 529683.0
a 38 13 0 769176.0 92814.0
a 38 37 0 769176.0 76822.0
a 38 11 0 769176.0 107187.0
a 38 37 0 769176.0 58138.0
a 38 13 0 769176.0 176888.0
a 38 39 0 769176.0 0.0
a 38 39 0 769176.0 0.0
a 38 40 0 769176.0 0.0
a 38 40 0 769176.0 0.0
a 38 41 0 769176.0 0.0
a 38 41 0 769176.0 0.0
a 38 43 0 769176.0 0.0
a 38 43 0 769176.0 0.0
a 38 46 0 769176.0 0.0
a 38 46 0 769176.0 0.0
a 39 1 0 769176.0 0.0
a 39 1 0 769176.0 0.0
a 39 16 0 769176.0 0.0
a 39 16 0 769176.0 0.0
a 39 37 0 769176.0 0.0
a 39 37 0 769176.0 0.0
a 39 38 0 769176.0 0.0
a 39 38 0 769176.0 0.0
a 39 41 0 769176.0 26425.0
a 39 44 0 769176.0 47740.0
a 39 40 0 769176.0 64052.0
a 39 40 0 769176.0 58837.0
a 39 41 0 769176.0 27086.0
a 39 44 0 769176.0 119906.0
a 39 1 0 769176.0 126358.0
a 39 16 0 769176.0 46520.0
a 39 37 0 769176.0 55206.0
a 39 38 0 769176.0 60822.0
a 39 38 0 769176.0 75009.0
a 39 37 0 769176.0 100040.0
a 39 16 0 769176.0 265666.0
a 39 1 0 769176.0 149752.0
a 39 40 0 769176.0 0.0
a 39 40 0 769176.0 0.0
a 39 41 0 769176.0 0.0
a 39 41 0 769176.0 0.0
a 39 44 0 769176.0 0.0
a 39 44 0 769176.0 0.0
a 40 19 0 769176.0 0.0
a 40 19 0 769176.0 0.0
a 40 29 0 769176.0 0.0
a 40 29 0 769176.0 0.0
a 40 37 0 769176.0 0.0
a 40 37 0 769176.0 0.0
a 40 38 0 769176.0 0.0
a 40 38 0 769176.0 0.0
a 40 39 0 769176.0 0.0
a 40 39 0 769176.0 0.0
a 40 41 0 769176.0 25706.0
a 40 46 0 769176.0 33877.0
a 40 41 0 769176.0 26040.0
a 40 46 0 769176.0 28585.0
a 40 19 0 769176.0 82639.0
a 40 29 0 769176.0 60701.0
a 40 37 0 769176.0 43708.0
a 40 38 0 769176.0 52422.0
a 40 39 0 769176.0 64052.0
a 40 39 0 769176.0 58837.0
a 40 38 0 769176.0 48026.0
a 40 37 0 769176.0 61389.0
a 40 29 0 769176.0 38098.0
a 40 19 0 769176.0 72754.0
a 40 41 0 769176.0 0.0
a 40 41 0 769176.0 0.0
a 40 46 0 769176.0 0.0
a 40 46 0 769176.0 0.0
a 41 37 0 769176.0 0.0
a 41 37 0 769176.0 0.0
a 41 38 0 769176.0 0.0
a 41 38 0 769176.0 0.0
a 41 39 0 769176.0 0.0
a 41 39 0 769176.0 0.0
a 41 40 0 769176.0 0.0
a 41 40 0 769176.0 0.0
a 41 37 0 769176.0 27439.0
a 41 38 0 769176.0 26378.0
a 41 39 0 769176.0 26425.0
a 41 40 0 769176.0 25706.0
a 41 40 0 769176.0 26040.0
a 41 39 0 769176.0 27086.0
a 41 38 0 769176.0 26812.0
a 41 37 0 769176.0 27523.0
a 42 0 0 769176.0 0.0
a 42 0 0 769176.0 0.0
a 42 14 0 769176.0 0.0
a 42 14 0 769176.0 0.0
a 42 0 0 769176.0 44291.0
a 42 14 0 769176.0 46551.0
a 42 14 0 769176.0 125440.0
a 42 0 0 769176.0 204824.0
a 43 27 0 769176.0 0.0
a 43 27 0 769176.0 0.0
a 43 29 0 769176.0 0.0
a 43 29 0 769176.0 0.0
a 43 38 0 769176.0 0.0
a 43 38 0 769176.0 0.0
a 43 27 0 769176.0 90503.0
a 43 29 0 769176.0 56391.0
a 43 38 0 769176.0 80581.0
a 43 38 0 769176.0 109342.0
a 43 29 0 769176.0 47582.0
a 43 27 0 769176.0 89428.0
a 44 30 0 769176.0 0.0
a 44 30 0 769176.0 0.0
a 44 32 0 769176.0 0.0
a 44 32 0 769176.0 0.0
a 44 39 0 769176.0 0.0
a 44 39 0 769176.0 0.0
a 44 30 0 769176.0 65797.0
a 44 32 0 769176.0 65080.0
a 44 39 0 769176.0 47740.0
a 44 39 0 769176.0 119906.0
a 44 32 0 769176.0 62707.0
a 44 30 0 769176.0 174846.0
a 45 17 0 769176.0 0.0
a 45 17 0 769176.0 0.0
a 45 34 0 769176.0 0.0
a 45 34 0 769176.0 0.0
a 45 17 0 769176.0 34329.0
a 45 34 0 769176.0 32630.0
a 45 34 0 769176.0 101680.0
a 45 17 0 769176.0 251265.0
a 46 28 0 769176.0 0.0
a 46 28 0 769176.0 0.0
a 46 31 0 769176.0 0.0
a 46 31 0 769176.0 0.0
a 46 37 0 769176.0 0.0
a 46 37 0 769176.0 0.0
a 46 38 0 769176.0 0.0
a 46 38 0 769176.0 0.0
a 46 40 0 769176.0 0.0
a 46 40 0 769176.0 0.0
a 46 28 0 769176.0 51748.0
a 46 31 0 769176.0 89964.0
a 46 37 0 769176.0 40956.0
a 46 38 0 769176.0 42281.0
a 46 40 0 769176.0 33877.0
a 46 40 0 769176.0 28585.0
a 46 38 0 769176.0 31119.0
a 46 37 0 769176.0 126358.0
a 46 31 0 769176.0 49646.0
a 46 28 0 769176.0 66367.0
a 47 14 0 769176.0 0.0
a 47 14 0 769176.0 0.0
a 47 24 0 769176.0 0.0
a 47 24 0 769176.0 0.0
a 47 25 0 769176.0 0.0
a 47 25 0 769176.0 0.0
a 47 26 0 769176.0 0.0
a 47 26 0 769176.0 0.0
a 47 48 0 769176.0 27396.0
a 47 48 0 769176.0 30465.0
a 47 14 0 769176.0 50009.0
a 47 24 0 769176.0 25706.0
a 47 25 0 769176.0 29549.0
a 47 26 0 769176.0 25993.0
a 47 25 0 769176.0 30465.0
a 47 24 0 769176.0 33877.0
a 47 26 0 769176.0 26318.0
a 47 14 0 769176.0 74464.0
a 47 48 0 769176.0 0.0
a 47 48 0 769176.0 0.0
a 48 24 0 769176.0 0.0
a 48 24 0 769176.0 0.0
a 48 25 0 769176.0 0.0
a 48 25 0 769176.0 0.0
a 48 26 0 769176.0 0.0
a 48 26 0 769176.0 0.0
a 48 35 0 769176.0 0.0
a 48 35 0 769176.0 0.0
a 48 47 0 769176.0 0.0
a 48 47 0 769176.0 0.0
a 48 24 0 769176.0 25706.0
a 48 25 0 769176.0 32902.0
a 48 26 0 769176.0 26367.0
a 48 35 0 769176.0 74959.0
a 48 47 0 769176.0 27396.0
a 48 47 0 769176.0 30465.0
a 48 25 0 769176.0 33165.0
a 48 24 0 769176.0 35346.0
a 48 26 0 769176.0 26353.0
a 48 35 0 769176.0 84356.0
