p min 49 1040
n 26 -769076.0
n 27 30492.0
n 28 30492.0
n 29 30492.0
n 30 30492.0
n 31 30492.0
n 32 30492.0
n 34 33880.0
n 35 37268.0
n 37 50820.0
n 38 47432.0
n 39 47432.0
n 40 47432.0
n 42 20328.0
n 43 115192.0
n 44 37268.0
n 45 23716.0
n 46 125356.0
a 0 4 0 769076.0 1126.0
a 0 8 0 262471.0 127869.0
a 0 42 0 262471.0 142445.0
a 0 3 0 262471.0 3952.0
a 0 2 0 262471.0 3947.0
a 0 1 0 262471.0 3881.0
a 0 1 0 262471.0 4477.0
a 0 2 0 262471.0 3888.0
a 0 3 0 262471.0 4498.0
a 0 4 0 769076.0 1124.0
a 0 8 0 262471.0 127335.0
a 0 42 0 262471.0 143408.0
a 0 1 0 0.0 0.0
a 0 1 0 0.0 0.0
a 0 2 0 0.0 0.0
a 0 2 0 0.0 0.0
a 0 3 0 0.0 0.0
a 0 3 0 0.0 0.0
a 0 4 0 0.0 0.0
a 0 4 0 0.0 0.0
a 0 8 0 0.0 0.0
a 0 8 0 0.0 0.0
a 0 42 0 0.0 0.0
a 0 42 0 0.0 0.0
a 0 1 0 0.0 0.0
a 0 1 0 0.0 0.0
a 0 1 0 0.0 0.0
a 0 1 0 0.0 0.0
a 0 2 0 0.0 0.0
a 0 2 0 0.0 0.0
a 0 2 0 0.0 0.0
a 0 2 0 0.0 0.0
a 0 3 0 0.0 0.0
a 0 3 0 0.0 0.0
a 0 3 0 0.0 0.0
a 0 3 0 0.0 0.0
a 0 4 0 0.0 0.0
a 0 4 0 0.0 0.0
a 0 4 0 0.0 0.0
a 0 4 0 0.0 0.0
a 0 8 0 0.0 0.0
a 0 8 0 0.0 0.0
a 0 8 0 0.0 0.0
a 0 8 0 0.0 0.0
a 0 42 0 0.0 0.0
a 0 42 0 0.0 0.0
a 0 42 0 0.0 0.0
a 0 42 0 0.0 0.0
a 1 4 0 769076.0 1196.0
a 1 20 0 262471.0 352904.0
a 1 39 0 262471.0 272237.0
a 1 3 0 262471.0 3921.0
a 1 2 0 262471.0 3957.0
a 1 2 0 262471.0 3928.0
a 1 3 0 262471.0 4184.0
a 1 4 0 769076.0 1177.0
a 1 20 0 262471.0 342011.0
a 1 39 0 262471.0 269362.0
a 1 0 0 262471.0 3881.0
a 1 0 0 262471.0 4477.0
a 1 0 0 0.0 0.0
a 1 0 0 0.0 0.0
a 1 2 0 0.0 0.0
a 1 2 0 0.0 0.0
a 1 3 0 0.0 0.0
a 1 3 0 0.0 0.0
a 1 4 0 0.0 0.0
a 1 4 0 0.0 0.0
a 1 20 0 0.0 0.0
a 1 20 0 0.0 0.0
a 1 39 0 0.0 0.0
a 1 39 0 0.0 0.0
a 1 0 0 0.0 0.0
a 1 0 0 0.0 0.0
a 1 0 0 0.0 0.0
a 1 0 0 0.0 0.0
a 1 2 0 0.0 0.0
a 1 2 0 0.0 0.0
a 1 2 0 0.0 0.0
a 1 2 0 0.0 0.0
a 1 3 0 0.0 0.0
a 1 3 0 0.0 0.0
a 1 3 0 0.0 0.0
a 1 3 0 0.0 0.0
a 1 4 0 0.0 0.0
a 1 4 0 0.0 0.0
a 1 4 0 0.0 0.0
a 1 4 0 0.0 0.0
a 1 20 0 0.0 0.0
a 1 20 0 0.0 0.0
a 1 20 0 0.0 0.0
a 1 20 0 0.0 0.0
a 1 39 0 0.0 0.0
a 1 39 0 0.0 0.0
a 1 39 0 0.0 0.0
a 1 39 0 0.0 0.0
a 2 4 0 769076.0 1103.0
a 2 32 0 262471.0 252709.0
a 2 16 0 262471.0 144674.0
a 2 3 0 262471.0 3078.0
a 2 3 0 262471.0 3256.0
a 2 4 0 769076.0 1108.0
a 2 16 0 262471.0 142420.0
a 2 32 0 262471.0 260325.0
a 2 0 0 262471.0 3947.0
a 2 1 0 262471.0 3957.0
a 2 1 0 262471.0 3928.0
a 2 0 0 262471.0 3888.0
a 2 0 0 0.0 0.0
a 2 0 0 0.0 0.0
a 2 1 0 0.0 0.0
a 2 1 0 0.0 0.0
a 2 3 0 0.0 0.0
a 2 3 0 0.0 0.0
a 2 4 0 0.0 0.0
a 2 4 0 0.0 0.0
a 2 16 0 0.0 0.0
a 2 16 0 0.0 0.0
a 2 32 0 0.0 0.0
a 2 32 0 0.0 0.0
a 2 0 0 0.0 0.0
a 2 0 0 0.0 0.0
a 2 0 0 0.0 0.0
a 2 0 0 0.0 0.0
a 2 1 0 0.0 0.0
a 2 1 0 0.0 0.0
a 2 1 0 0.0 0.0
a 2 1 0 0.0 0.0
a 2 3 0 0.0 0.0
a 2 3 0 0.0 0.0
a 2 3 0 0.0 0.0
a 2 3 0 0.0 0.0
a 2 4 0 0.0 0.0
a 2 4 0 0.0 0.0
a 2 4 0 0.0 0.0
a 2 4 0 0.0 0.0
a 2 16 0 0.0 0.0
a 2 16 0 0.0 0.0
a 2 16 0 0.0 0.0
a 2 16 0 0.0 0.0
a 2 32 0 0.0 0.0
a 2 32 0 0.0 0.0
a 2 32 0 0.0 0.0
a 2 32 0 0.0 0.0
a 3 14 0 262471.0 122783.0
a 3 4 0 769076.0 1104.0
a 3 27 0 262471.0 252647.0
a 3 4 0 769076.0 1108.0
a 3 14 0 262471.0 111884.0
a 3 27 0 262471.0 247926.0
a 3 0 0 262471.0 3952.0
a 3 1 0 262471.0 3921.0
a 3 2 0 262471.0 3078.0
a 3 2 0 262471.0 3256.0
a 3 1 0 262471.0 4184.0
a 3 0 0 262471.0 4498.0
a 3 0 0 0.0 0.0
a 3 0 0 0.0 0.0
a 3 1 0 0.0 0.0
a 3 1 0 0.0 0.0
a 3 2 0 0.0 0.0
a 3 2 0 0.0 0.0
a 3 4 0 0.0 0.0
a 3 4 0 0.0 0.0
a 3 14 0 0.0 0.0
a 3 14 0 0.0 0.0
a 3 27 0 0.0 0.0
a 3 27 0 0.0 0.0
a 3 0 0 0.0 0.0
a 3 0 0 0.0 0.0
a 3 0 0 0.0 0.0
a 3 0 0 0.0 0.0
a 3 1 0 0.0 0.0
a 3 1 0 0.0 0.0
a 3 1 0 0.0 0.0
a 3 1 0 0.0 0.0
a 3 2 0 0.0 0.0
a 3 2 0 0.0 0.0
a 3 2 0 0.0 0.0
a 3 2 0 0.0 0.0
a 3 4 0 0.0 0.0
a 3 4 0 0.0 0.0
a 3 4 0 0.0 0.0
a 3 4 0 0.0 0.0
a 3 14 0 0.0 0.0
a 3 14 0 0.0 0.0
a 3 14 0 0.0 0.0
a 3 14 0 0.0 0.0
a 3 27 0 0.0 0.0
a 3 27 0 0.0 0.0
a 3 27 0 0.0 0.0
a 3 27 0 0.0 0.0
a 4 0 0 769076.0 1126.0
a 4 1 0 769076.0 1196.0
a 4 2 0 769076.0 1103.0
a 4 3 0 769076.0 1104.0
a 4 3 0 769076.0 1108.0
a 4 2 0 769076.0 1108.0
a 4 1 0 769076.0 1177.0
a 4 0 0 769076.0 1124.0
a 4 0 0 0.0 0.0
a 4 0 0 0.0 0.0
a 4 1 0 0.0 0.0
a 4 1 0 0.0 0.0
a 4 2 0 0.0 0.0
a 4 2 0 0.0 0.0
a 4 3 0 0.0 0.0
a 4 3 0 0.0 0.0
a 4 0 0 0.0 0.0
a 4 0 0 0.0 0.0
a 4 0 0 0.0 0.0
a 4 0 0 0.0 0.0
a 4 1 0 0.0 0.0
a 4 1 0 0.0 0.0
a 4 1 0 0.0 0.0
a 4 1 0 0.0 0.0
a 4 2 0 0.0 0.0
a 4 2 0 0.0 0.0
a 4 2 0 0.0 0.0
a 4 2 0 0.0 0.0
a 4 3 0 0.0 0.0
a 4 3 0 0.0 0.0
a 4 3 0 0.0 0.0
a 4 3 0 0.0 0.0
a 5 7 0 769076.0 1007.0
a 5 20 0 262471.0 48317.0
a 5 10 0 262471.0 302242.0
a 5 6 0 524942.0 3824.0
a 5 6 0 524942.0 3860.0
a 5 7 0 769076.0 1007.0
a 5 10 0 262471.0 308879.0
a 5 20 0 262471.0 46243.0
a 5 6 0 0.0 0.0
a 5 6 0 0.0 0.0
a 5 7 0 0.0 0.0
a 5 7 0 0.0 0.0
a 5 10 0 0.0 0.0
a 5 10 0 0.0 0.0
a 5 20 0 0.0 0.0
a 5 20 0 0.0 0.0
a 5 6 0 0.0 0.0
a 5 6 0 0.0 0.0
a 5 6 0 0.0 0.0
a 5 6 0 0.0 0.0
a 5 7 0 0.0 0.0
a 5 7 0 0.0 0.0
a 5 7 0 0.0 0.0
a 5 7 0 0.0 0.0
a 5 10 0 0.0 0.0
a 5 10 0 0.0 0.0
a 5 10 0 0.0 0.0
a 5 10 0 0.0 0.0
a 5 20 0 0.0 0.0
a 5 20 0 0.0 0.0
a 5 20 0 0.0 0.0
a 5 20 0 0.0 0.0
a 6 7 0 769076.0 1059.0
a 6 37 0 262471.0 79624.0
a 6 29 0 262471.0 100432.0
a 6 7 0 769076.0 1057.0
a 6 29 0 262471.0 99830.0
a 6 37 0 262471.0 83580.0
a 6 5 0 524942.0 3824.0
a 6 5 0 524942.0 3860.0
a 6 5 0 0.0 0.0
a 6 5 0 0.0 0.0
a 6 7 0 0.0 0.0
a 6 7 0 0.0 0.0
a 6 29 0 0.0 0.0
a 6 29 0 0.0 0.0
a 6 37 0 0.0 0.0
a 6 37 0 0.0 0.0
a 6 5 0 0.0 0.0
a 6 5 0 0.0 0.0
a 6 5 0 0.0 0.0
a 6 5 0 0.0 0.0
a 6 7 0 0.0 0.0
a 6 7 0 0.0 0.0
a 6 7 0 0.0 0.0
a 6 7 0 0.0 0.0
a 6 29 0 0.0 0.0
a 6 29 0 0.0 0.0
a 6 29 0 0.0 0.0
a 6 29 0 0.0 0.0
a 6 37 0 0.0 0.0
a 6 37 0 0.0 0.0
a 6 37 0 0.0 0.0
a 6 37 0 0.0 0.0
a 7 5 0 769076.0 1007.0
a 7 6 0 769076.0 1059.0
a 7 6 0 769076.0 1057.0
a 7 5 0 769076.0 1007.0
a 7 5 0 0.0 0.0
a 7 5 0 0.0 0.0
a 7 6 0 0.0 0.0
a 7 6 0 0.0 0.0
a 7 5 0 0.0 0.0
a 7 5 0 0.0 0.0
a 7 5 0 0.0 0.0
a 7 5 0 0.0 0.0
a 7 6 0 0.0 0.0
a 7 6 0 0.0 0.0
a 7 6 0 0.0 0.0
a 7 6 0 0.0 0.0
a 8 25 0 262471.0 375737.0
a 8 11 0 262471.0 5064.0
a 8 10 0 262471.0 5024.0
a 8 9 0 262471.0 4085.0
a 8 9 0 262471.0 4154.0
a 8 10 0 262471.0 4571.0
a 8 11 0 262471.0 4849.0
a 8 12 0 769076.0 1212.0
a 8 25 0 262471.0 373232.0
a 8 0 0 262471.0 127869.0
a 8 0 0 262471.0 127335.0
a 8 0 0 0.0 0.0
a 8 0 0 0.0 0.0
a 8 9 0 0.0 0.0
a 8 9 0 0.0 0.0
a 8 10 0 0.0 0.0
a 8 10 0 0.0 0.0
a 8 11 0 0.0 0.0
a 8 11 0 0.0 0.0
a 8 12 0 0.0 0.0
a 8 12 0 0.0 0.0
a 8 25 0 0.0 0.0
a 8 25 0 149270.0 0.0
a 8 12 0 619806.0 1199.0
a 8 0 0 0.0 0.0
a 8 0 0 0.0 0.0
a 8 0 0 0.0 0.0
a 8 0 0 0.0 0.0
a 8 9 0 0.0 0.0
a 8 9 0 0.0 0.0
a 8 9 0 0.0 0.0
a 8 9 0 0.0 0.0
a 8 10 0 0.0 0.0
a 8 10 0 0.0 0.0
a 8 10 0 0.0 0.0
a 8 10 0 0.0 0.0
a 8 11 0 0.0 0.0
a 8 11 0 0.0 0.0
a 8 11 0 0.0 0.0
a 8 11 0 0.0 0.0
a 8 12 0 0.0 0.0
a 8 12 0 0.0 0.0
a 8 12 0 0.0 0.0
a 8 12 0 0.0 0.0
a 8 25 0 0.0 0.0
a 8 25 0 0.0 0.0
a 8 25 0 0.0 0.0
a 8 25 0 0.0 0.0
a 9 12 0 769076.0 1302.0
a 9 14 0 262471.0 133933.0
a 9 35 0 262471.0 259414.0
a 9 17 0 262471.0 154105.0
a 9 11 0 262471.0 5168.0
a 9 10 0 262471.0 5558.0
a 9 10 0 262471.0 4709.0
a 9 11 0 262471.0 4646.0
a 9 12 0 769076.0 1301.0
a 9 14 0 262471.0 127986.0
a 9 17 0 262471.0 152344.0
a 9 35 0 262471.0 249375.0
a 9 8 0 262471.0 4085.0
a 9 8 0 262471.0 4154.0
a 9 8 0 0.0 0.0
a 9 8 0 0.0 0.0
a 9 10 0 0.0 0.0
a 9 10 0 0.0 0.0
a 9 11 0 0.0 0.0
a 9 11 0 0.0 0.0
a 9 12 0 0.0 0.0
a 9 12 0 0.0 0.0
a 9 14 0 0.0 0.0
a 9 14 0 0.0 0.0
a 9 17 0 0.0 0.0
a 9 17 0 0.0 0.0
a 9 35 0 0.0 0.0
a 9 35 0 0.0 0.0
a 9 8 0 0.0 0.0
a 9 8 0 0.0 0.0
a 9 8 0 0.0 0.0
a 9 8 0 0.0 0.0
a 9 10 0 0.0 0.0
a 9 10 0 0.0 0.0
a 9 10 0 0.0 0.0
a 9 10 0 0.0 0.0
a 9 11 0 0.0 0.0
a 9 11 0 0.0 0.0
a 9 11 0 0.0 0.0
a 9 11 0 0.0 0.0
a 9 12 0 0.0 0.0
a 9 12 0 0.0 0.0
a 9 12 0 0.0 0.0
a 9 12 0 0.0 0.0
a 9 14 0 0.0 0.0
a 9 14 0 0.0 0.0
a 9 14 0 0.0 0.0
a 9 14 0 0.0 0.0
a 9 17 0 0.0 0.0
a 9 17 0 0.0 0.0
a 9 17 0 0.0 0.0
a 9 17 0 0.0 0.0
a 9 35 0 0.0 0.0
a 9 35 0 0.0 0.0
a 9 35 0 0.0 0.0
a 9 35 0 0.0 0.0
a 10 11 0 262471.0 3979.0
a 10 12 0 769076.0 1261.0
a 10 11 0 262471.0 3809.0
a 10 12 0 769076.0 1271.0
a 10 28 0 262471.0 237723.0
a 10 5 0 262471.0 302242.0
a 10 8 0 262471.0 5024.0
a 10 9 0 262471.0 5558.0
a 10 9 0 262471.0 4709.0
a 10 8 0 262471.0 4571.0
a 10 5 0 262471.0 308879.0
a 10 5 0 0.0 0.0
a 10 5 0 0.0 0.0
a 10 8 0 0.0 0.0
a 10 8 0 0.0 0.0
a 10 9 0 0.0 0.0
a 10 9 0 0.0 0.0
a 10 11 0 0.0 0.0
a 10 11 0 0.0 0.0
a 10 12 0 0.0 0.0
a 10 28 0 0.0 0.0
a 10 28 0 0.0 0.0
a 10 12 0 149270.0 0.0
a 10 28 0 113201.0 237340.0
a 10 5 0 0.0 0.0
a 10 5 0 0.0 0.0
a 10 5 0 0.0 0.0
a 10 5 0 0.0 0.0
a 10 8 0 0.0 0.0
a 10 8 0 0.0 0.0
a 10 8 0 0.0 0.0
a 10 8 0 0.0 0.0
a 10 9 0 0.0 0.0
a 10 9 0 0.0 0.0
a 10 9 0 0.0 0.0
a 10 9 0 0.0 0.0
a 10 11 0 0.0 0.0
a 10 11 0 0.0 0.0
a 10 11 0 0.0 0.0
a 10 11 0 0.0 0.0
a 10 12 0 0.0 0.0
a 10 12 0 0.0 0.0
a 10 12 0 0.0 0.0
a 10 12 0 0.0 0.0
a 10 28 0 0.0 0.0
a 10 28 0 0.0 0.0
a 10 28 0 0.0 0.0
a 10 28 0 0.0 0.0
a 11 38 0 262471.0 250650.0
a 11 12 0 769076.0 1488.0
a 11 31 0 262471.0 240819.0
a 11 21 0 262471.0 346978.0
a 11 12 0 769076.0 1490.0
a 11 21 0 262471.0 344900.0
a 11 31 0 262471.0 238405.0
a 11 38 0 262471.0 247312.0
a 11 8 0 262471.0 5064.0
a 11 9 0 262471.0 5168.0
a 11 10 0 262471.0 3979.0
a 11 10 0 262471.0 3809.0
a 11 9 0 262471.0 4646.0
a 11 8 0 262471.0 4849.0
a 11 8 0 0.0 0.0
a 11 8 0 0.0 0.0
a 11 9 0 0.0 0.0
a 11 9 0 0.0 0.0
a 11 10 0 0.0 0.0
a 11 10 0 0.0 0.0
a 11 12 0 0.0 0.0
a 11 12 0 0.0 0.0
a 11 21 0 0.0 0.0
a 11 21 0 0.0 0.0
a 11 31 0 0.0 0.0
a 11 31 0 0.0 0.0
a 11 38 0 0.0 0.0
a 11 38 0 0.0 0.0
a 11 8 0 0.0 0.0
a 11 8 0 0.0 0.0
a 11 8 0 0.0 0.0
a 11 8 0 0.0 0.0
a 11 9 0 0.0 0.0
a 11 9 0 0.0 0.0
a 11 9 0 0.0 0.0
a 11 9 0 0.0 0.0
a 11 10 0 0.0 0.0
a 11 10 0 0.0 0.0
a 11 10 0 0.0 0.0
a 11 10 0 0.0 0.0
a 11 12 0 0.0 0.0
a 11 12 0 0.0 0.0
a 11 12 0 0.0 0.0
a 11 12 0 0.0 0.0
a 11 21 0 0.0 0.0
a 11 21 0 0.0 0.0
a 11 21 0 0.0 0.0
a 11 21 0 0.0 0.0
a 11 31 0 0.0 0.0
a 11 31 0 0.0 0.0
a 11 31 0 0.0 0.0
a 11 31 0 0.0 0.0
a 11 38 0 0.0 0.0
a 11 38 0 0.0 0.0
a 11 38 0 0.0 0.0
a 11 38 0 0.0 0.0
a 12 8 0 769076.0 1199.0
a 12 9 0 769076.0 1302.0
a 12 11 0 769076.0 1488.0
a 12 11 0 769076.0 1490.0
a 12 10 0 769076.0 1271.0
a 12 9 0 769076.0 1301.0
a 12 8 0 769076.0 1212.0
a 12 8 0 0.0 0.0
a 12 9 0 0.0 0.0
a 12 9 0 0.0 0.0
a 12 10 0 0.0 0.0
a 12 10 0 0.0 0.0
a 12 11 0 0.0 0.0
a 12 11 0 0.0 0.0
a 12 8 0 149270.0 0.0
a 12 10 0 619806.0 1261.0
a 12 8 0 0.0 0.0
a 12 8 0 0.0 0.0
a 12 8 0 0.0 0.0
a 12 8 0 0.0 0.0
a 12 9 0 0.0 0.0
a 12 9 0 0.0 0.0
a 12 9 0 0.0 0.0
a 12 9 0 0.0 0.0
a 12 10 0 0.0 0.0
a 12 10 0 0.0 0.0
a 12 10 0 0.0 0.0
a 12 10 0 0.0 0.0
a 12 11 0 0.0 0.0
a 12 11 0 0.0 0.0
a 12 11 0 0.0 0.0
a 12 11 0 0.0 0.0
a 13 35 0 262471.0 144636.0
a 13 15 0 769076.0 1099.0
a 13 14 0 524942.0 4599.0
a 13 14 0 524942.0 4105.0
a 13 15 0 769076.0 1100.0
a 13 31 0 262471.0 406883.0
a 13 35 0 262471.0 148532.0
a 13 38 0 262471.0 392156.0
a 13 14 0 0.0 0.0
a 13 14 0 0.0 0.0
a 13 15 0 0.0 0.0
a 13 31 0 0.0 0.0
a 13 31 0 0.0 0.0
a 13 35 0 0.0 0.0
a 13 35 0 0.0 0.0
a 13 38 0 0.0 0.0
a 13 38 0 0.0 0.0
a 13 15 0 242143.0 0.0
a 13 38 0 206470.0 345305.0
a 13 31 0 76329.0 342741.0
a 13 14 0 0.0 0.0
a 13 14 0 0.0 0.0
a 13 14 0 0.0 0.0
a 13 14 0 0.0 0.0
a 13 15 0 0.0 0.0
a 13 15 0 0.0 0.0
a 13 15 0 0.0 0.0
a 13 15 0 0.0 0.0
a 13 31 0 0.0 0.0
a 13 31 0 0.0 0.0
a 13 31 0 0.0 0.0
a 13 31 0 0.0 0.0
a 13 35 0 0.0 0.0
a 13 35 0 0.0 0.0
a 13 35 0 0.0 0.0
a 13 35 0 0.0 0.0
a 13 38 0 0.0 0.0
a 13 38 0 0.0 0.0
a 13 38 0 0.0 0.0
a 13 38 0 0.0 0.0
a 14 47 0 262471.0 268389.0
a 14 42 0 262471.0 64043.0
a 14 47 0 262471.0 258308.0
a 14 3 0 262471.0 122783.0
a 14 9 0 262471.0 133933.0
a 14 13 0 524942.0 4599.0
a 14 3 0 262471.0 111884.0
a 14 13 0 524942.0 4105.0
a 14 9 0 262471.0 127986.0
a 14 3 0 0.0 0.0
a 14 3 0 0.0 0.0
a 14 9 0 0.0 0.0
a 14 9 0 0.0 0.0
a 14 13 0 0.0 0.0
a 14 13 0 0.0 0.0
a 14 15 0 0.0 0.0
a 14 15 0 0.0 0.0
a 14 42 0 0.0 0.0
a 14 42 0 0.0 0.0
a 14 47 0 0.0 0.0
a 14 42 0 242143.0 63435.0
a 14 15 0 630168.0 1086.0
a 14 47 0 262471.0 0.0
a 14 15 0 665841.0 1086.0
a 14 3 0 0.0 0.0
a 14 3 0 0.0 0.0
a 14 3 0 0.0 0.0
a 14 3 0 0.0 0.0
a 14 9 0 0.0 0.0
a 14 9 0 0.0 0.0
a 14 9 0 0.0 0.0
a 14 9 0 0.0 0.0
a 14 13 0 0.0 0.0
a 14 13 0 0.0 0.0
a 14 13 0 0.0 0.0
a 14 13 0 0.0 0.0
a 14 15 0 0.0 0.0
a 14 15 0 0.0 0.0
a 14 15 0 0.0 0.0
a 14 15 0 0.0 0.0
a 14 42 0 0.0 0.0
a 14 42 0 0.0 0.0
a 14 42 0 0.0 0.0
a 14 42 0 0.0 0.0
a 14 47 0 0.0 0.0
a 14 47 0 0.0 0.0
a 14 47 0 0.0 0.0
a 14 47 0 0.0 0.0
a 15 14 0 769076.0 1086.0
a 15 14 0 769076.0 1086.0
a 15 13 0 769076.0 1100.0
a 15 13 0 0.0 0.0
a 15 13 0 0.0 0.0
a 15 14 0 138908.0 0.0
a 15 14 0 103235.0 0.0
a 15 13 0 526933.0 1099.0
a 15 13 0 0.0 0.0
a 15 13 0 0.0 0.0
a 15 13 0 0.0 0.0
a 15 13 0 0.0 0.0
a 15 14 0 0.0 0.0
a 15 14 0 0.0 0.0
a 15 14 0 0.0 0.0
a 15 14 0 0.0 0.0
a 16 18 0 769076.0 1209.0
a 16 39 0 262471.0 384601.0
a 16 17 0 524942.0 4507.0
a 16 17 0 524942.0 3437.0
a 16 18 0 769076.0 1209.0
a 16 39 0 262471.0 375508.0
a 16 2 0 262471.0 144674.0
a 16 2 0 262471.0 142420.0
a 16 2 0 0.0 0.0
a 16 2 0 0.0 0.0
a 16 17 0 0.0 0.0
a 16 17 0 0.0 0.0
a 16 18 0 0.0 0.0
a 16 18 0 0.0 0.0
a 16 39 0 0.0 0.0
a 16 39 0 0.0 0.0
a 16 2 0 0.0 0.0
a 16 2 0 0.0 0.0
a 16 2 0 0.0 0.0
a 16 2 0 0.0 0.0
a 16 17 0 0.0 0.0
a 16 17 0 0.0 0.0
a 16 17 0 0.0 0.0
a 16 17 0 0.0 0.0
a 16 18 0 0.0 0.0
a 16 18 0 0.0 0.0
a 16 18 0 0.0 0.0
a 16 18 0 0.0 0.0
a 16 39 0 0.0 0.0
a 16 39 0 0.0 0.0
a 16 39 0 0.0 0.0
a 16 39 0 0.0 0.0
a 17 18 0 769076.0 1121.0
a 17 34 0 262471.0 113825.0
a 17 45 0 262471.0 136972.0
a 17 18 0 769076.0 1137.0
a 17 34 0 262471.0 113025.0
a 17 45 0 262471.0 137036.0
a 17 9 0 262471.0 154105.0
a 17 16 0 524942.0 4507.0
a 17 16 0 524942.0 3437.0
a 17 9 0 262471.0 152344.0
a 17 9 0 0.0 0.0
a 17 9 0 0.0 0.0
a 17 16 0 0.0 0.0
a 17 16 0 0.0 0.0
a 17 18 0 0.0 0.0
a 17 18 0 0.0 0.0
a 17 34 0 0.0 0.0
a 17 34 0 0.0 0.0
a 17 45 0 0.0 0.0
a 17 45 0 0.0 0.0
a 17 9 0 0.0 0.0
a 17 9 0 0.0 0.0
a 17 9 0 0.0 0.0
a 17 9 0 0.0 0.0
a 17 16 0 0.0 0.0
a 17 16 0 0.0 0.0
a 17 16 0 0.0 0.0
a 17 16 0 0.0 0.0
a 17 18 0 0.0 0.0
a 17 18 0 0.0 0.0
a 17 18 0 0.0 0.0
a 17 18 0 0.0 0.0
a 17 34 0 0.0 0.0
a 17 34 0 0.0 0.0
a 17 34 0 0.0 0.0
a 17 34 0 0.0 0.0
a 17 45 0 0.0 0.0
a 17 45 0 0.0 0.0
a 17 45 0 0.0 0.0
a 17 45 0 0.0 0.0
a 18 16 0 769076.0 1209.0
a 18 17 0 769076.0 1121.0
a 18 17 0 769076.0 1137.0
a 18 16 0 769076.0 1209.0
a 18 16 0 0.0 0.0
a 18 16 0 0.0 0.0
a 18 17 0 0.0 0.0
a 18 17 0 0.0 0.0
a 18 16 0 0.0 0.0
a 18 16 0 0.0 0.0
a 18 16 0 0.0 0.0
a 18 16 0 0.0 0.0
a 18 17 0 0.0 0.0
a 18 17 0 0.0 0.0
a 18 17 0 0.0 0.0
a 18 17 0 0.0 0.0
a 19 23 0 769076.0 975.0
a 19 40 0 262471.0 114051.0
a 19 22 0 262471.0 2437.0
a 19 21 0 262471.0 3367.0
a 19 20 0 262471.0 3882.0
a 19 20 0 262471.0 2870.0
a 19 21 0 262471.0 3350.0
a 19 22 0 262471.0 2450.0
a 19 23 0 769076.0 977.0
a 19 40 0 262471.0 125071.0
a 19 20 0 0.0 0.0
a 19 20 0 0.0 0.0
a 19 21 0 0.0 0.0
a 19 21 0 0.0 0.0
a 19 22 0 0.0 0.0
a 19 22 0 0.0 0.0
a 19 23 0 0.0 0.0
a 19 23 0 0.0 0.0
a 19 40 0 0.0 0.0
a 19 40 0 0.0 0.0
a 19 20 0 0.0 0.0
a 19 20 0 0.0 0.0
a 19 20 0 0.0 0.0
a 19 20 0 0.0 0.0
a 19 21 0 0.0 0.0
a 19 21 0 0.0 0.0
a 19 21 0 0.0 0.0
a 19 21 0 0.0 0.0
a 19 22 0 0.0 0.0
a 19 22 0 0.0 0.0
a 19 22 0 0.0 0.0
a 19 22 0 0.0 0.0
a 19 23 0 0.0 0.0
a 19 23 0 0.0 0.0
a 19 23 0 0.0 0.0
a 19 23 0 0.0 0.0
a 19 40 0 0.0 0.0
a 19 40 0 0.0 0.0
a 19 40 0 0.0 0.0
a 19 40 0 0.0 0.0
a 20 23 0 769076.0 989.0
a 20 22 0 262471.0 3993.0
a 20 21 0 262471.0 4287.0
a 20 21 0 262471.0 3592.0
a 20 22 0 262471.0 3490.0
a 20 23 0 769076.0 998.0
a 20 1 0 262471.0 352904.0
a 20 5 0 262471.0 48317.0
a 20 19 0 262471.0 3882.0
a 20 19 0 262471.0 2870.0
a 20 5 0 262471.0 46243.0
a 20 1 0 262471.0 342011.0
a 20 1 0 0.0 0.0
a 20 1 0 0.0 0.0
a 20 5 0 0.0 0.0
a 20 5 0 0.0 0.0
a 20 19 0 0.0 0.0
a 20 19 0 0.0 0.0
a 20 21 0 0.0 0.0
a 20 21 0 0.0 0.0
a 20 22 0 0.0 0.0
a 20 22 0 0.0 0.0
a 20 23 0 0.0 0.0
a 20 23 0 0.0 0.0
a 20 1 0 0.0 0.0
a 20 1 0 0.0 0.0
a 20 1 0 0.0 0.0
a 20 1 0 0.0 0.0
a 20 5 0 0.0 0.0
a 20 5 0 0.0 0.0
a 20 5 0 0.0 0.0
a 20 5 0 0.0 0.0
a 20 19 0 0.0 0.0
a 20 19 0 0.0 0.0
a 20 19 0 0.0 0.0
a 20 19 0 0.0 0.0
a 20 21 0 0.0 0.0
a 20 21 0 0.0 0.0
a 20 21 0 0.0 0.0
a 20 21 0 0.0 0.0
a 20 22 0 0.0 0.0
a 20 22 0 0.0 0.0
a 20 22 0 0.0 0.0
a 20 22 0 0.0 0.0
a 20 23 0 0.0 0.0
a 20 23 0 0.0 0.0
a 20 23 0 0.0 0.0
a 20 23 0 0.0 0.0
a 21 23 0 769076.0 969.0
a 21 22 0 262471.0 3863.0
a 21 22 0 262471.0 3968.0
a 21 23 0 769076.0 967.0
a 21 11 0 262471.0 346978.0
a 21 19 0 262471.0 3367.0
a 21 20 0 262471.0 4287.0
a 21 20 0 262471.0 3592.0
a 21 19 0 262471.0 3350.0
a 21 11 0 262471.0 344900.0
a 21 11 0 0.0 0.0
a 21 11 0 0.0 0.0
a 21 19 0 0.0 0.0
a 21 19 0 0.0 0.0
a 21 20 0 0.0 0.0
a 21 20 0 0.0 0.0
a 21 22 0 0.0 0.0
a 21 22 0 0.0 0.0
a 21 23 0 0.0 0.0
a 21 23 0 0.0 0.0
a 21 11 0 0.0 0.0
a 21 11 0 0.0 0.0
a 21 11 0 0.0 0.0
a 21 11 0 0.0 0.0
a 21 19 0 0.0 0.0
a 21 19 0 0.0 0.0
a 21 19 0 0.0 0.0
a 21 19 0 0.0 0.0
a 21 20 0 0.0 0.0
a 21 20 0 0.0 0.0
a 21 20 0 0.0 0.0
a 21 20 0 0.0 0.0
a 21 22 0 0.0 0.0
a 21 22 0 0.0 0.0
a 21 22 0 0.0 0.0
a 21 22 0 0.0 0.0
a 21 23 0 0.0 0.0
a 21 23 0 0.0 0.0
a 21 23 0 0.0 0.0
a 21 23 0 0.0 0.0
a 22 23 0 769076.0 984.0
a 22 27 0 262471.0 127260.0
a 22 23 0 769076.0 986.0
a 22 27 0 262471.0 123325.0
a 22 19 0 262471.0 2437.0
a 22 20 0 262471.0 3993.0
a 22 21 0 262471.0 3863.0
a 22 21 0 262471.0 3968.0
a 22 20 0 262471.0 3490.0
a 22 19 0 262471.0 2450.0
a 22 19 0 0.0 0.0
a 22 19 0 0.0 0.0
a 22 20 0 0.0 0.0
a 22 20 0 0.0 0.0
a 22 21 0 0.0 0.0
a 22 21 0 0.0 0.0
a 22 23 0 0.0 0.0
a 22 23 0 0.0 0.0
a 22 27 0 0.0 0.0
a 22 27 0 0.0 0.0
a 22 19 0 0.0 0.0
a 22 19 0 0.0 0.0
a 22 19 0 0.0 0.0
a 22 19 0 0.0 0.0
a 22 20 0 0.0 0.0
a 22 20 0 0.0 0.0
a 22 20 0 0.0 0.0
a 22 20 0 0.0 0.0
a 22 21 0 0.0 0.0
a 22 21 0 0.0 0.0
a 22 21 0 0.0 0.0
a 22 21 0 0.0 0.0
a 22 23 0 0.0 0.0
a 22 23 0 0.0 0.0
a 22 23 0 0.0 0.0
a 22 23 0 0.0 0.0
a 22 27 0 0.0 0.0
a 22 27 0 0.0 0.0
a 22 27 0 0.0 0.0
a 22 27 0 0.0 0.0
a 23 19 0 769076.0 975.0
a 23 20 0 769076.0 989.0
a 23 21 0 769076.0 969.0
a 23 22 0 769076.0 984.0
a 23 22 0 769076.0 986.0
a 23 21 0 769076.0 967.0
a 23 20 0 769076.0 998.0
a 23 19 0 769076.0 977.0
a 23 19 0 0.0 0.0
a 23 19 0 0.0 0.0
a 23 20 0 0.0 0.0
a 23 20 0 0.0 0.0
a 23 21 0 0.0 0.0
a 23 21 0 0.0 0.0
a 23 22 0 0.0 0.0
a 23 22 0 0.0 0.0
a 23 19 0 0.0 0.0
a 23 19 0 0.0 0.0
a 23 19 0 0.0 0.0
a 23 19 0 0.0 0.0
a 23 20 0 0.0 0.0
a 23 20 0 0.0 0.0
a 23 20 0 0.0 0.0
a 23 20 0 0.0 0.0
a 23 21 0 0.0 0.0
a 23 21 0 0.0 0.0
a 23 21 0 0.0 0.0
a 23 21 0 0.0 0.0
a 23 22 0 0.0 0.0
a 23 22 0 0.0 0.0
a 23 22 0 0.0 0.0
a 23 22 0 0.0 0.0
a 24 25 0 262471.0 2774.0
a 24 47 0 262471.0 1839.0
a 24 48 0 262471.0 2062.0
a 24 26 0 769076.0 1045.0
a 24 30 0 262471.0 758666.0
a 24 25 0 262471.0 2681.0
a 24 26 0 769076.0 1031.0
a 24 30 0 262471.0 707793.0
a 24 47 0 262471.0 1973.0
a 24 48 0 262471.0 1970.0
a 24 25 0 0.0 0.0
a 24 25 0 0.0 0.0
a 24 26 0 0.0 0.0
a 24 26 0 0.0 0.0
a 24 30 0 0.0 0.0
a 24 30 0 0.0 0.0
a 24 47 0 0.0 0.0
a 24 47 0 0.0 0.0
a 24 48 0 0.0 0.0
a 24 48 0 0.0 0.0
a 24 25 0 0.0 0.0
a 24 25 0 0.0 0.0
a 24 25 0 0.0 0.0
a 24 25 0 0.0 0.0
a 24 26 0 0.0 0.0
a 24 26 0 0.0 0.0
a 24 26 0 0.0 0.0
a 24 26 0 0.0 0.0
a 24 30 0 0.0 0.0
a 24 30 0 0.0 0.0
a 24 30 0 0.0 0.0
a 24 30 0 0.0 0.0
a 24 47 0 0.0 0.0
a 24 47 0 0.0 0.0
a 24 47 0 0.0 0.0
a 24 47 0 0.0 0.0
a 24 48 0 0.0 0.0
a 24 48 0 0.0 0.0
a 24 48 0 0.0 0.0
a 24 48 0 0.0 0.0
a 25 47 0 262471.0 2185.0
a 25 48 0 262471.0 2410.0
a 25 26 0 769076.0 990.0
a 25 26 0 769076.0 991.0
a 25 47 0 262471.0 2137.0
a 25 48 0 262471.0 1974.0
a 25 8 0 262471.0 375737.0
a 25 24 0 262471.0 2774.0
a 25 24 0 262471.0 2681.0
a 25 8 0 0.0 0.0
a 25 8 0 0.0 0.0
a 25 24 0 0.0 0.0
a 25 24 0 0.0 0.0
a 25 26 0 0.0 0.0
a 25 47 0 0.0 0.0
a 25 47 0 0.0 0.0
a 25 48 0 0.0 0.0
a 25 48 0 0.0 0.0
a 25 26 0 149270.0 0.0
a 25 8 0 113201.0 373232.0
a 25 8 0 0.0 0.0
a 25 8 0 0.0 0.0
a 25 8 0 0.0 0.0
a 25 8 0 0.0 0.0
a 25 24 0 0.0 0.0
a 25 24 0 0.0 0.0
a 25 24 0 0.0 0.0
a 25 24 0 0.0 0.0
a 25 26 0 0.0 0.0
a 25 26 0 0.0 0.0
a 25 26 0 0.0 0.0
a 25 26 0 0.0 0.0
a 25 47 0 0.0 0.0
a 25 47 0 0.0 0.0
a 25 47 0 0.0 0.0
a 25 47 0 0.0 0.0
a 25 48 0 0.0 0.0
a 25 48 0 0.0 0.0
a 25 48 0 0.0 0.0
a 25 48 0 0.0 0.0
a 26 48 0 769076.0 978.0
a 26 47 0 769076.0 994.0
a 26 24 0 769076.0 1045.0
a 26 25 0 769076.0 991.0
a 26 24 0 769076.0 1031.0
a 26 24 0 0.0 0.0
a 26 24 0 0.0 0.0
a 26 25 0 0.0 0.0
a 26 25 0 0.0 0.0
a 26 47 0 0.0 0.0
a 26 47 0 0.0 0.0
a 26 48 0 0.0 0.0
a 26 48 0 0.0 0.0
a 26 47 0 506605.0 990.0
a 26 48 0 411741.0 964.0
a 26 25 0 619806.0 990.0
a 26 24 0 0.0 0.0
a 26 24 0 0.0 0.0
a 26 24 0 0.0 0.0
a 26 24 0 0.0 0.0
a 26 25 0 0.0 0.0
a 26 25 0 0.0 0.0
a 26 25 0 0.0 0.0
a 26 25 0 0.0 0.0
a 26 47 0 0.0 0.0
a 26 47 0 0.0 0.0
a 26 47 0 0.0 0.0
a 26 47 0 0.0 0.0
a 26 48 0 0.0 0.0
a 26 48 0 0.0 0.0
a 26 48 0 0.0 0.0
a 26 48 0 0.0 0.0
a 27 33 0 769076.0 1041.0
a 27 43 0 262471.0 84041.0
a 27 32 0 262471.0 3507.0
a 27 31 0 262471.0 4209.0
a 27 30 0 262471.0 3988.0
a 27 29 0 262471.0 4670.0
a 27 28 0 262471.0 4040.0
a 27 28 0 262471.0 3586.0
a 27 29 0 262471.0 3470.0
a 27 30 0 262471.0 3609.0
a 27 31 0 262471.0 3847.0
a 27 32 0 262471.0 3551.0
a 27 33 0 769076.0 1049.0
a 27 43 0 262471.0 71971.0
a 27 3 0 262471.0 252647.0
a 27 22 0 262471.0 127260.0
a 27 22 0 262471.0 123325.0
a 27 3 0 262471.0 247926.0
a 27 3 0 0.0 0.0
a 27 3 0 0.0 0.0
a 27 22 0 0.0 0.0
a 27 22 0 0.0 0.0
a 27 28 0 0.0 0.0
a 27 28 0 0.0 0.0
a 27 29 0 0.0 0.0
a 27 29 0 0.0 0.0
a 27 30 0 0.0 0.0
a 27 30 0 0.0 0.0
a 27 31 0 0.0 0.0
a 27 31 0 0.0 0.0
a 27 32 0 0.0 0.0
a 27 32 0 0.0 0.0
a 27 33 0 0.0 0.0
a 27 43 0 0.0 0.0
a 27 43 0 0.0 0.0
a 27 33 0 30492.0 0.0
a 27 3 0 0.0 0.0
a 27 3 0 0.0 0.0
a 27 3 0 0.0 0.0
a 27 3 0 0.0 0.0
a 27 22 0 0.0 0.0
a 27 22 0 0.0 0.0
a 27 22 0 0.0 0.0
a 27 22 0 0.0 0.0
a 27 28 0 0.0 0.0
a 27 28 0 0.0 0.0
a 27 28 0 0.0 0.0
a 27 28 0 0.0 0.0
a 27 29 0 0.0 0.0
a 27 29 0 0.0 0.0
a 27 29 0 0.0 0.0
a 27 29 0 0.0 0.0
a 27 30 0 0.0 0.0
a 27 30 0 0.0 0.0
a 27 30 0 0.0 0.0
a 27 30 0 0.0 0.0
a 27 31 0 0.0 0.0
a 27 31 0 0.0 0.0
a 27 31 0 0.0 0.0
a 27 31 0 0.0 0.0
a 27 32 0 0.0 0.0
a 27 32 0 0.0 0.0
a 27 32 0 0.0 0.0
a 27 32 0 0.0 0.0
a 27 33 0 0.0 0.0
a 27 33 0 0.0 0.0
a 27 33 0 0.0 0.0
a 27 33 0 0.0 0.0
a 27 43 0 0.0 0.0
a 27 43 0 0.0 0.0
a 27 43 0 0.0 0.0
a 27 43 0 0.0 0.0
a 28 37 0 262471.0 27124.0
a 28 46 0 262471.0 22154.0
a 28 32 0 262471.0 3909.0
a 28 31 0 262471.0 2153.0
a 28 30 0 262471.0 6093.0
a 28 29 0 262471.0 3948.0
a 28 29 0 262471.0 3599.0
a 28 30 0 262471.0 3916.0
a 28 31 0 262471.0 2249.0
a 28 32 0 262471.0 3745.0
a 28 33 0 769076.0 1019.0
a 28 37 0 262471.0 26765.0
a 28 46 0 262471.0 26185.0
a 28 10 0 262471.0 237340.0
a 28 27 0 262471.0 4040.0
a 28 27 0 262471.0 3586.0
a 28 10 0 262471.0 237723.0
a 28 10 0 0.0 0.0
a 28 27 0 0.0 0.0
a 28 27 0 0.0 0.0
a 28 29 0 0.0 0.0
a 28 29 0 0.0 0.0
a 28 30 0 0.0 0.0
a 28 30 0 0.0 0.0
a 28 31 0 0.0 0.0
a 28 31 0 0.0 0.0
a 28 32 0 0.0 0.0
a 28 32 0 0.0 0.0
a 28 33 0 0.0 0.0
a 28 37 0 0.0 0.0
a 28 37 0 0.0 0.0
a 28 46 0 0.0 0.0
a 28 46 0 0.0 0.0
a 28 33 0 0.0 0.0
a 28 10 0 149270.0 0.0
a 28 33 0 650298.0 1018.0
a 28 10 0 0.0 0.0
a 28 10 0 0.0 0.0
a 28 10 0 0.0 0.0
a 28 10 0 0.0 0.0
a 28 27 0 0.0 0.0
a 28 27 0 0.0 0.0
a 28 27 0 0.0 0.0
a 28 27 0 0.0 0.0
a 28 29 0 0.0 0.0
a 28 29 0 0.0 0.0
a 28 29 0 0.0 0.0
a 28 29 0 0.0 0.0
a 28 30 0 0.0 0.0
a 28 30 0 0.0 0.0
a 28 30 0 0.0 0.0
a 28 30 0 0.0 0.0
a 28 31 0 0.0 0.0
a 28 31 0 0.0 0.0
a 28 31 0 0.0 0.0
a 28 31 0 0.0 0.0
a 28 32 0 0.0 0.0
a 28 32 0 0.0 0.0
a 28 32 0 0.0 0.0
a 28 32 0 0.0 0.0
a 28 33 0 0.0 0.0
a 28 33 0 0.0 0.0
a 28 33 0 0.0 0.0
a 28 33 0 0.0 0.0
a 28 37 0 0.0 0.0
a 28 37 0 0.0 0.0
a 28 37 0 0.0 0.0
a 28 37 0 0.0 0.0
a 28 46 0 0.0 0.0
a 28 46 0 0.0 0.0
a 28 46 0 0.0 0.0
a 28 46 0 0.0 0.0
a 29 33 0 769076.0 1073.0
a 29 40 0 262471.0 28468.0
a 29 32 0 262471.0 3911.0
a 29 31 0 262471.0 4052.0
a 29 30 0 262471.0 4966.0
a 29 30 0 262471.0 4252.0
a 29 31 0 262471.0 4023.0
a 29 32 0 262471.0 3931.0
a 29 33 0 769076.0 1072.0
a 29 40 0 262471.0 26179.0
a 29 43 0 262471.0 79801.0
a 29 6 0 262471.0 100432.0
a 29 27 0 262471.0 4670.0
a 29 28 0 262471.0 3948.0
a 29 28 0 262471.0 3599.0
a 29 27 0 262471.0 3470.0
a 29 6 0 262471.0 99830.0
a 29 6 0 0.0 0.0
a 29 6 0 0.0 0.0
a 29 27 0 0.0 0.0
a 29 27 0 0.0 0.0
a 29 28 0 0.0 0.0
a 29 28 0 0.0 0.0
a 29 30 0 0.0 0.0
a 29 30 0 0.0 0.0
a 29 31 0 0.0 0.0
a 29 31 0 0.0 0.0
a 29 32 0 0.0 0.0
a 29 32 0 0.0 0.0
a 29 33 0 0.0 0.0
a 29 40 0 0.0 0.0
a 29 40 0 0.0 0.0
a 29 43 0 0.0 0.0
a 29 43 0 0.0 0.0
a 29 33 0 145684.0 0.0
a 29 43 0 147279.0 71243.0
a 29 6 0 0.0 0.0
a 29 6 0 0.0 0.0
a 29 6 0 0.0 0.0
a 29 6 0 0.0 0.0
a 29 27 0 0.0 0.0
a 29 27 0 0.0 0.0
a 29 27 0 0.0 0.0
a 29 27 0 0.0 0.0
a 29 28 0 0.0 0.0
a 29 28 0 0.0 0.0
a 29 28 0 0.0 0.0
a 29 28 0 0.0 0.0
a 29 30 0 0.0 0.0
a 29 30 0 0.0 0.0
a 29 30 0 0.0 0.0
a 29 30 0 0.0 0.0
a 29 31 0 0.0 0.0
a 29 31 0 0.0 0.0
a 29 31 0 0.0 0.0
a 29 31 0 0.0 0.0
a 29 32 0 0.0 0.0
a 29 32 0 0.0 0.0
a 29 32 0 0.0 0.0
a 29 32 0 0.0 0.0
a 29 33 0 0.0 0.0
a 29 33 0 0.0 0.0
a 29 33 0 0.0 0.0
a 29 33 0 0.0 0.0
a 29 40 0 0.0 0.0
a 29 40 0 0.0 0.0
a 29 40 0 0.0 0.0
a 29 40 0 0.0 0.0
a 29 43 0 0.0 0.0
a 29 43 0 0.0 0.0
a 29 43 0 0.0 0.0
a 29 43 0 0.0 0.0
a 30 33 0 769076.0 1033.0
a 30 44 0 262471.0 67077.0
a 30 32 0 262471.0 3867.0
a 30 31 0 262471.0 4569.0
a 30 31 0 262471.0 4120.0
a 30 32 0 262471.0 3880.0
a 30 33 0 769076.0 1034.0
a 30 44 0 262471.0 67023.0
a 30 24 0 262471.0 758666.0
a 30 27 0 262471.0 3988.0
a 30 28 0 262471.0 6093.0
a 30 29 0 262471.0 4966.0
a 30 29 0 262471.0 4252.0
a 30 28 0 262471.0 3916.0
a 30 27 0 262471.0 3609.0
a 30 24 0 262471.0 707793.0
a 30 24 0 0.0 0.0
a 30 24 0 0.0 0.0
a 30 27 0 0.0 0.0
a 30 27 0 0.0 0.0
a 30 28 0 0.0 0.0
a 30 28 0 0.0 0.0
a 30 29 0 0.0 0.0
a 30 29 0 0.0 0.0
a 30 31 0 0.0 0.0
a 30 31 0 0.0 0.0
a 30 32 0 0.0 0.0
a 30 32 0 0.0 0.0
a 30 33 0 0.0 0.0
a 30 44 0 0.0 0.0
a 30 44 0 0.0 0.0
a 30 33 0 30492.0 0.0
a 30 24 0 0.0 0.0
a 30 24 0 0.0 0.0
a 30 24 0 0.0 0.0
a 30 24 0 0.0 0.0
a 30 27 0 0.0 0.0
a 30 27 0 0.0 0.0
a 30 27 0 0.0 0.0
a 30 27 0 0.0 0.0
a 30 28 0 0.0 0.0
a 30 28 0 0.0 0.0
a 30 28 0 0.0 0.0
a 30 28 0 0.0 0.0
a 30 29 0 0.0 0.0
a 30 29 0 0.0 0.0
a 30 29 0 0.0 0.0
a 30 29 0 0.0 0.0
a 30 31 0 0.0 0.0
a 30 31 0 0.0 0.0
a 30 31 0 0.0 0.0
a 30 31 0 0.0 0.0
a 30 32 0 0.0 0.0
a 30 32 0 0.0 0.0
a 30 32 0 0.0 0.0
a 30 32 0 0.0 0.0
a 30 33 0 0.0 0.0
a 30 33 0 0.0 0.0
a 30 33 0 0.0 0.0
a 30 33 0 0.0 0.0
a 30 44 0 0.0 0.0
a 30 44 0 0.0 0.0
a 30 44 0 0.0 0.0
a 30 44 0 0.0 0.0
a 31 46 0 262471.0 21804.0
a 31 32 0 262471.0 4475.0
a 31 32 0 262471.0 4062.0
a 31 33 0 769076.0 1117.0
a 31 46 0 262471.0 21865.0
a 31 11 0 262471.0 240819.0
a 31 13 0 262471.0 342741.0
a 31 27 0 262471.0 4209.0
a 31 28 0 262471.0 2153.0
a 31 29 0 262471.0 4052.0
a 31 30 0 262471.0 4569.0
a 31 30 0 262471.0 4120.0
a 31 29 0 262471.0 4023.0
a 31 28 0 262471.0 2249.0
a 31 27 0 262471.0 3847.0
a 31 13 0 262471.0 406883.0
a 31 11 0 262471.0 238405.0
a 31 11 0 0.0 0.0
a 31 11 0 0.0 0.0
a 31 13 0 0.0 0.0
a 31 27 0 0.0 0.0
a 31 27 0 0.0 0.0
a 31 28 0 0.0 0.0
a 31 28 0 0.0 0.0
a 31 29 0 0.0 0.0
a 31 29 0 0.0 0.0
a 31 30 0 0.0 0.0
a 31 30 0 0.0 0.0
a 31 32 0 0.0 0.0
a 31 32 0 0.0 0.0
a 31 33 0 0.0 0.0
a 31 33 0 0.0 0.0
a 31 46 0 0.0 0.0
a 31 46 0 0.0 0.0
a 31 13 0 186142.0 0.0
a 31 33 0 613426.0 1113.0
a 31 11 0 0.0 0.0
a 31 11 0 0.0 0.0
a 31 11 0 0.0 0.0
a 31 11 0 0.0 0.0
a 31 13 0 0.0 0.0
a 31 13 0 0.0 0.0
a 31 13 0 0.0 0.0
a 31 13 0 0.0 0.0
a 31 27 0 0.0 0.0
a 31 27 0 0.0 0.0
a 31 27 0 0.0 0.0
a 31 27 0 0.0 0.0
a 31 28 0 0.0 0.0
a 31 28 0 0.0 0.0
a 31 28 0 0.0 0.0
a 31 28 0 0.0 0.0
a 31 29 0 0.0 0.0
a 31 29 0 0.0 0.0
a 31 29 0 0.0 0.0
a 31 29 0 0.0 0.0
a 31 30 0 0.0 0.0
a 31 30 0 0.0 0.0
a 31 30 0 0.0 0.0
a 31 30 0 0.0 0.0
a 31 32 0 0.0 0.0
a 31 32 0 0.0 0.0
a 31 32 0 0.0 0.0
a 31 32 0 0.0 0.0
a 31 33 0 0.0 0.0
a 31 33 0 0.0 0.0
a 31 33 0 0.0 0.0
a 31 33 0 0.0 0.0
a 31 46 0 0.0 0.0
a 31 46 0 0.0 0.0
a 31 46 0 0.0 0.0
a 31 46 0 0.0 0.0
a 32 33 0 769076.0 964.0
a 32 44 0 262471.0 65964.0
a 32 33 0 769076.0 964.0
a 32 2 0 262471.0 252709.0
a 32 27 0 262471.0 3507.0
a 32 28 0 262471.0 3909.0
a 32 29 0 262471.0 3911.0
a 32 30 0 262471.0 3867.0
a 32 31 0 262471.0 4475.0
a 32 31 0 262471.0 4062.0
a 32 30 0 262471.0 3880.0
a 32 29 0 262471.0 3931.0
a 32 28 0 262471.0 3745.0
a 32 27 0 262471.0 3551.0
a 32 2 0 262471.0 260325.0
a 32 2 0 0.0 0.0
a 32 2 0 0.0 0.0
a 32 27 0 0.0 0.0
a 32 27 0 0.0 0.0
a 32 28 0 0.0 0.0
a 32 28 0 0.0 0.0
a 32 29 0 0.0 0.0
a 32 29 0 0.0 0.0
a 32 30 0 0.0 0.0
a 32 30 0 0.0 0.0
a 32 31 0 0.0 0.0
a 32 31 0 0.0 0.0
a 32 44 0 0.0 0.0
a 32 44 0 0.0 0.0
a 32 33 0 64174.0 0.0
a 32 33 0 3586.0 0.0
a 32 44 0 225203.0 65813.0
a 32 2 0 0.0 0.0
a 32 2 0 0.0 0.0
a 32 2 0 0.0 0.0
a 32 2 0 0.0 0.0
a 32 27 0 0.0 0.0
a 32 27 0 0.0 0.0
a 32 27 0 0.0 0.0
a 32 27 0 0.0 0.0
a 32 28 0 0.0 0.0
a 32 28 0 0.0 0.0
a 32 28 0 0.0 0.0
a 32 28 0 0.0 0.0
a 32 29 0 0.0 0.0
a 32 29 0 0.0 0.0
a 32 29 0 0.0 0.0
a 32 29 0 0.0 0.0
a 32 30 0 0.0 0.0
a 32 30 0 0.0 0.0
a 32 30 0 0.0 0.0
a 32 30 0 0.0 0.0
a 32 31 0 0.0 0.0
a 32 31 0 0.0 0.0
a 32 31 0 0.0 0.0
a 32 31 0 0.0 0.0
a 32 33 0 0.0 0.0
a 32 33 0 0.0 0.0
a 32 33 0 0.0 0.0
a 32 33 0 0.0 0.0
a 32 44 0 0.0 0.0
a 32 44 0 0.0 0.0
a 32 44 0 0.0 0.0
a 32 44 0 0.0 0.0
a 33 29 0 769076.0 1073.0
a 33 31 0 769076.0 1113.0
a 33 31 0 769076.0 1117.0
a 33 30 0 769076.0 1034.0
a 33 28 0 769076.0 1019.0
a 33 27 0 769076.0 1049.0
a 33 27 0 0.0 0.0
a 33 27 0 0.0 0.0
a 33 28 0 0.0 0.0
a 33 29 0 0.0 0.0
a 33 29 0 0.0 0.0
a 33 30 0 0.0 0.0
a 33 30 0 0.0 0.0
a 33 31 0 0.0 0.0
a 33 32 0 0.0 0.0
a 33 32 0 0.0 0.0
a 33 30 0 738584.0 1033.0
a 33 27 0 738584.0 1041.0
a 33 31 0 155650.0 0.0
a 33 28 0 769076.0 1018.0
a 33 32 0 704902.0 964.0
a 33 32 0 765490.0 964.0
a 33 28 0 118778.0 0.0
a 33 29 0 623392.0 1072.0
a 33 27 0 0.0 0.0
a 33 27 0 0.0 0.0
a 33 27 0 0.0 0.0
a 33 27 0 0.0 0.0
a 33 28 0 0.0 0.0
a 33 28 0 0.0 0.0
a 33 28 0 0.0 0.0
a 33 28 0 0.0 0.0
a 33 29 0 0.0 0.0
a 33 29 0 0.0 0.0
a 33 29 0 0.0 0.0
a 33 29 0 0.0 0.0
a 33 30 0 0.0 0.0
a 33 30 0 0.0 0.0
a 33 30 0 0.0 0.0
a 33 30 0 0.0 0.0
a 33 31 0 0.0 0.0
a 33 31 0 0.0 0.0
a 33 31 0 0.0 0.0
a 33 31 0 0.0 0.0
a 33 32 0 0.0 0.0
a 33 32 0 0.0 0.0
a 33 32 0 0.0 0.0
a 33 32 0 0.0 0.0
a 34 37 0 262471.0 501270.0
a 34 36 0 769076.0 1163.0
a 34 45 0 262471.0 30610.0
a 34 35 0 524942.0 4586.0
a 34 35 0 524942.0 4240.0
a 34 36 0 769076.0 1164.0
a 34 17 0 262471.0 113825.0
a 34 17 0 262471.0 113025.0
a 34 17 0 0.0 0.0
a 34 17 0 0.0 0.0
a 34 35 0 0.0 0.0
a 34 35 0 0.0 0.0
a 34 36 0 0.0 0.0
a 34 37 0 0.0 0.0
a 34 37 0 0.0 0.0
a 34 45 0 0.0 0.0
a 34 45 0 0.0 0.0
a 34 45 0 238755.0 29987.0
a 34 36 0 320067.0 0.0
a 34 37 0 0.0 480623.0
a 34 17 0 0.0 0.0
a 34 17 0 0.0 0.0
a 34 17 0 0.0 0.0
a 34 17 0 0.0 0.0
a 34 35 0 0.0 0.0
a 34 35 0 0.0 0.0
a 34 35 0 0.0 0.0
a 34 35 0 0.0 0.0
a 34 36 0 0.0 0.0
a 34 36 0 0.0 0.0
a 34 36 0 0.0 0.0
a 34 36 0 0.0 0.0
a 34 37 0 0.0 0.0
a 34 37 0 0.0 0.0
a 34 37 0 0.0 0.0
a 34 37 0 0.0 0.0
a 34 45 0 0.0 0.0
a 34 45 0 0.0 0.0
a 34 45 0 0.0 0.0
a 34 45 0 0.0 0.0
a 35 48 0 262471.0 126377.0
a 35 36 0 769076.0 1170.0
a 35 48 0 262471.0 127536.0
a 35 9 0 262471.0 259414.0
a 35 13 0 262471.0 144636.0
a 35 34 0 524942.0 4586.0
a 35 13 0 262471.0 148532.0
a 35 34 0 524942.0 4240.0
a 35 9 0 262471.0 249375.0
a 35 9 0 0.0 0.0
a 35 9 0 0.0 0.0
a 35 13 0 0.0 0.0
a 35 13 0 0.0 0.0
a 35 34 0 0.0 0.0
a 35 34 0 0.0 0.0
a 35 36 0 0.0 0.0
a 35 36 0 0.0 0.0
a 35 48 0 262471.0 0.0
a 35 48 0 94864.0 0.0
a 35 36 0 449009.0 1169.0
a 35 9 0 0.0 0.0
a 35 9 0 0.0 0.0
a 35 9 0 0.0 0.0
a 35 9 0 0.0 0.0
a 35 13 0 0.0 0.0
a 35 13 0 0.0 0.0
a 35 13 0 0.0 0.0
a 35 13 0 0.0 0.0
a 35 34 0 0.0 0.0
a 35 34 0 0.0 0.0
a 35 34 0 0.0 0.0
a 35 34 0 0.0 0.0
a 35 36 0 0.0 0.0
a 35 36 0 0.0 0.0
a 35 36 0 0.0 0.0
a 35 36 0 0.0 0.0
a 35 48 0 0.0 0.0
a 35 48 0 0.0 0.0
a 35 48 0 0.0 0.0
a 35 48 0 0.0 0.0
a 36 35 0 769076.0 1170.0
a 36 35 0 769076.0 1169.0
a 36 34 0 769076.0 1164.0
a 36 34 0 0.0 0.0
a 36 34 0 0.0 0.0
a 36 35 0 0.0 0.0
a 36 35 0 320067.0 0.0
a 36 34 0 449009.0 1163.0
a 36 34 0 0.0 0.0
a 36 34 0 0.0 0.0
a 36 34 0 0.0 0.0
a 36 34 0 0.0 0.0
a 36 35 0 0.0 0.0
a 36 35 0 0.0 0.0
a 36 35 0 0.0 0.0
a 36 35 0 0.0 0.0
a 37 41 0 769076.0 1117.0
a 37 46 0 262471.0 9033.0
a 37 40 0 262471.0 4234.0
a 37 39 0 262471.0 5335.0
a 37 38 0 262471.0 6569.0
a 37 38 0 262471.0 4014.0
a 37 39 0 262471.0 4352.0
a 37 40 0 262471.0 4066.0
a 37 6 0 262471.0 79624.0
a 37 28 0 262471.0 27124.0
a 37 34 0 262471.0 501270.0
a 37 34 0 262471.0 480623.0
a 37 28 0 262471.0 26765.0
a 37 6 0 262471.0 83580.0
a 37 6 0 0.0 0.0
a 37 6 0 0.0 0.0
a 37 28 0 0.0 0.0
a 37 28 0 0.0 0.0
a 37 34 0 0.0 0.0
a 37 38 0 0.0 0.0
a 37 38 0 0.0 0.0
a 37 39 0 0.0 0.0
a 37 39 0 0.0 0.0
a 37 40 0 0.0 0.0
a 37 40 0 0.0 0.0
a 37 41 0 0.0 0.0
a 37 46 0 0.0 0.0
a 37 46 0 0.0 0.0
a 37 41 0 0.0 0.0
a 37 46 0 137115.0 8628.0
a 37 34 0 262471.0 0.0
a 37 41 0 682781.0 1117.0
a 37 6 0 0.0 0.0
a 37 6 0 0.0 0.0
a 37 6 0 0.0 0.0
a 37 6 0 0.0 0.0
a 37 28 0 0.0 0.0
a 37 28 0 0.0 0.0
a 37 28 0 0.0 0.0
a 37 28 0 0.0 0.0
a 37 34 0 0.0 0.0
a 37 34 0 0.0 0.0
a 37 34 0 0.0 0.0
a 37 34 0 0.0 0.0
a 37 38 0 0.0 0.0
a 37 38 0 0.0 0.0
a 37 38 0 0.0 0.0
a 37 38 0 0.0 0.0
a 37 39 0 0.0 0.0
a 37 39 0 0.0 0.0
a 37 39 0 0.0 0.0
a 37 39 0 0.0 0.0
a 37 40 0 0.0 0.0
a 37 40 0 0.0 0.0
a 37 40 0 0.0 0.0
a 37 40 0 0.0 0.0
a 37 41 0 0.0 0.0
a 37 41 0 0.0 0.0
a 37 41 0 0.0 0.0
a 37 41 0 0.0 0.0
a 37 46 0 0.0 0.0
a 37 46 0 0.0 0.0
a 37 46 0 0.0 0.0
a 37 46 0 0.0 0.0
a 38 41 0 769076.0 1154.0
a 38 46 0 262471.0 9143.0
a 38 43 0 262471.0 71407.0
a 38 40 0 262471.0 4551.0
a 38 39 0 262471.0 5040.0
a 38 39 0 262471.0 4248.0
a 38 40 0 262471.0 4087.0
a 38 43 0 262471.0 72902.0
a 38 46 0 262471.0 9092.0
a 38 11 0 262471.0 250650.0
a 38 13 0 262471.0 345305.0
a 38 37 0 262471.0 6569.0
a 38 11 0 262471.0 247312.0
a 38 37 0 262471.0 4014.0
a 38 13 0 262471.0 392156.0
a 38 11 0 0.0 0.0
a 38 11 0 0.0 0.0
a 38 13 0 0.0 0.0
a 38 37 0 0.0 0.0
a 38 37 0 0.0 0.0
a 38 39 0 0.0 0.0
a 38 39 0 0.0 0.0
a 38 40 0 0.0 0.0
a 38 40 0 0.0 0.0
a 38 41 0 0.0 0.0
a 38 41 0 0.0 0.0
a 38 43 0 0.0 0.0
a 38 43 0 0.0 0.0
a 38 46 0 0.0 0.0
a 38 46 0 0.0 0.0
a 38 41 0 760507.0 1153.0
a 38 13 0 56001.0 0.0
a 38 11 0 0.0 0.0
a 38 11 0 0.0 0.0
a 38 11 0 0.0 0.0
a 38 11 0 0.0 0.0
a 38 13 0 0.0 0.0
a 38 13 0 0.0 0.0
a 38 13 0 0.0 0.0
a 38 13 0 0.0 0.0
a 38 37 0 0.0 0.0
a 38 37 0 0.0 0.0
a 38 37 0 0.0 0.0
a 38 37 0 0.0 0.0
a 38 39 0 0.0 0.0
a 38 39 0 0.0 0.0
a 38 39 0 0.0 0.0
a 38 39 0 0.0 0.0
a 38 40 0 0.0 0.0
a 38 40 0 0.0 0.0
a 38 40 0 0.0 0.0
a 38 40 0 0.0 0.0
a 38 41 0 0.0 0.0
a 38 41 0 0.0 0.0
a 38 41 0 0.0 0.0
a 38 41 0 0.0 0.0
a 38 43 0 0.0 0.0
a 38 43 0 0.0 0.0
a 38 43 0 0.0 0.0
a 38 43 0 0.0 0.0
a 38 46 0 0.0 0.0
a 38 46 0 0.0 0.0
a 38 46 0 0.0 0.0
a 38 46 0 0.0 0.0
a 39 41 0 769076.0 1275.0
a 39 44 0 262471.0 72907.0
a 39 40 0 262471.0 5890.0
a 39 40 0 262471.0 4586.0
a 39 41 0 769076.0 1278.0
a 39 44 0 262471.0 73826.0
a 39 1 0 262471.0 272237.0
a 39 16 0 262471.0 384601.0
a 39 37 0 262471.0 5335.0
a 39 38 0 262471.0 5040.0
a 39 38 0 262471.0 4248.0
a 39 37 0 262471.0 4352.0
a 39 16 0 262471.0 375508.0
a 39 1 0 262471.0 269362.0
a 39 1 0 0.0 0.0
a 39 1 0 0.0 0.0
a 39 16 0 0.0 0.0
a 39 16 0 0.0 0.0
a 39 37 0 0.0 0.0
a 39 37 0 0.0 0.0
a 39 38 0 0.0 0.0
a 39 38 0 0.0 0.0
a 39 40 0 0.0 0.0
a 39 40 0 0.0 0.0
a 39 41 0 0.0 0.0
a 39 44 0 0.0 0.0
a 39 44 0 0.0 0.0
a 39 41 0 47432.0 0.0
a 39 1 0 0.0 0.0
a 39 1 0 0.0 0.0
a 39 1 0 0.0 0.0
a 39 1 0 0.0 0.0
a 39 16 0 0.0 0.0
a 39 16 0 0.0 0.0
a 39 16 0 0.0 0.0
a 39 16 0 0.0 0.0
a 39 37 0 0.0 0.0
a 39 37 0 0.0 0.0
a 39 37 0 0.0 0.0
a 39 37 0 0.0 0.0
a 39 38 0 0.0 0.0
a 39 38 0 0.0 0.0
a 39 38 0 0.0 0.0
a 39 38 0 0.0 0.0
a 39 40 0 0.0 0.0
a 39 40 0 0.0 0.0
a 39 40 0 0.0 0.0
a 39 40 0 0.0 0.0
a 39 41 0 0.0 0.0
a 39 41 0 0.0 0.0
a 39 41 0 0.0 0.0
a 39 41 0 0.0 0.0
a 39 44 0 0.0 0.0
a 39 44 0 0.0 0.0
a 39 44 0 0.0 0.0
a 39 44 0 0.0 0.0
a 40 41 0 769076.0 1119.0
a 40 46 0 262471.0 8435.0
a 40 41 0 769076.0 1119.0
a 40 46 0 262471.0 7840.0
a 40 19 0 262471.0 114051.0
a 40 29 0 262471.0 28468.0
a 40 37 0 262471.0 4234.0
a 40 38 0 262471.0 4551.0
a 40 39 0 262471.0 5890.0
a 40 39 0 262471.0 4586.0
a 40 38 0 262471.0 4087.0
a 40 37 0 262471.0 4066.0
a 40 29 0 262471.0 26179.0
a 40 19 0 262471.0 125071.0
a 40 19 0 0.0 0.0
a 40 19 0 0.0 0.0
a 40 29 0 0.0 0.0
a 40 29 0 0.0 0.0
a 40 37 0 0.0 0.0
a 40 37 0 0.0 0.0
a 40 38 0 0.0 0.0
a 40 38 0 0.0 0.0
a 40 39 0 0.0 0.0
a 40 39 0 0.0 0.0
a 40 41 0 0.0 0.0
a 40 46 0 0.0 0.0
a 40 46 0 0.0 0.0
a 40 41 0 47432.0 0.0
a 40 19 0 0.0 0.0
a 40 19 0 0.0 0.0
a 40 19 0 0.0 0.0
a 40 19 0 0.0 0.0
a 40 29 0 0.0 0.0
a 40 29 0 0.0 0.0
a 40 29 0 0.0 0.0
a 40 29 0 0.0 0.0
a 40 37 0 0.0 0.0
a 40 37 0 0.0 0.0
a 40 37 0 0.0 0.0
a 40 37 0 0.0 0.0
a 40 38 0 0.0 0.0
a 40 38 0 0.0 0.0
a 40 38 0 0.0 0.0
a 40 38 0 0.0 0.0
a 40 39 0 0.0 0.0
a 40 39 0 0.0 0.0
a 40 39 0 0.0 0.0
a 40 39 0 0.0 0.0
a 40 41 0 0.0 0.0
a 40 41 0 0.0 0.0
a 40 41 0 0.0 0.0
a 40 41 0 0.0 0.0
a 40 46 0 0.0 0.0
a 40 46 0 0.0 0.0
a 40 46 0 0.0 0.0
a 40 46 0 0.0 0.0
a 41 37 0 769076.0 1117.0
a 41 38 0 769076.0 1154.0
a 41 40 0 769076.0 1119.0
a 41 39 0 769076.0 1278.0
a 41 38 0 769076.0 1153.0
a 41 37 0 0.0 0.0
a 41 38 0 0.0 0.0
a 41 39 0 0.0 0.0
a 41 39 0 0.0 0.0
a 41 40 0 0.0 0.0
a 41 40 0 0.0 0.0
a 41 37 0 769076.0 1117.0
a 41 40 0 721644.0 1119.0
a 41 39 0 721644.0 1275.0
a 41 37 0 86295.0 0.0
a 41 38 0 8569.0 0.0
a 41 37 0 0.0 0.0
a 41 37 0 0.0 0.0
a 41 37 0 0.0 0.0
a 41 37 0 0.0 0.0
a 41 38 0 0.0 0.0
a 41 38 0 0.0 0.0
a 41 38 0 0.0 0.0
a 41 38 0 0.0 0.0
a 41 39 0 0.0 0.0
a 41 39 0 0.0 0.0
a 41 39 0 0.0 0.0
a 41 39 0 0.0 0.0
a 41 40 0 0.0 0.0
a 41 40 0 0.0 0.0
a 41 40 0 0.0 0.0
a 41 40 0 0.0 0.0
a 42 0 0 262471.0 142445.0
a 42 14 0 262471.0 64043.0
a 42 14 0 262471.0 63435.0
a 42 0 0 262471.0 143408.0
a 42 0 0 0.0 0.0
a 42 0 0 0.0 0.0
a 42 14 0 0.0 0.0
a 42 14 0 20328.0 0.0
a 42 0 0 0.0 0.0
a 42 0 0 0.0 0.0
a 42 0 0 0.0 0.0
a 42 0 0 0.0 0.0
a 42 14 0 0.0 0.0
a 42 14 0 0.0 0.0
a 42 14 0 0.0 0.0
a 42 14 0 0.0 0.0
a 43 27 0 262471.0 84041.0
a 43 29 0 262471.0 71243.0
a 43 38 0 262471.0 71407.0
a 43 38 0 262471.0 72902.0
a 43 29 0 262471.0 79801.0
a 43 27 0 262471.0 71971.0
a 43 27 0 0.0 0.0
a 43 27 0 0.0 0.0
a 43 29 0 0.0 0.0
a 43 38 0 0.0 0.0
a 43 38 0 0.0 0.0
a 43 29 0 115192.0 0.0
a 43 27 0 0.0 0.0
a 43 27 0 0.0 0.0
a 43 27 0 0.0 0.0
a 43 27 0 0.0 0.0
a 43 29 0 0.0 0.0
a 43 29 0 0.0 0.0
a 43 29 0 0.0 0.0
a 43 29 0 0.0 0.0
a 43 38 0 0.0 0.0
a 43 38 0 0.0 0.0
a 43 38 0 0.0 0.0
a 43 38 0 0.0 0.0
a 44 30 0 262471.0 67077.0
a 44 32 0 262471.0 65964.0
a 44 39 0 262471.0 72907.0
a 44 39 0 262471.0 73826.0
a 44 32 0 262471.0 65813.0
a 44 30 0 262471.0 67023.0
a 44 30 0 0.0 0.0
a 44 30 0 0.0 0.0
a 44 32 0 0.0 0.0
a 44 39 0 0.0 0.0
a 44 39 0 0.0 0.0
a 44 32 0 37268.0 0.0
a 44 30 0 0.0 0.0
a 44 30 0 0.0 0.0
a 44 30 0 0.0 0.0
a 44 30 0 0.0 0.0
a 44 32 0 0.0 0.0
a 44 32 0 0.0 0.0
a 44 32 0 0.0 0.0
a 44 32 0 0.0 0.0
a 44 39 0 0.0 0.0
a 44 39 0 0.0 0.0
a 44 39 0 0.0 0.0
a 44 39 0 0.0 0.0
a 45 17 0 262471.0 136972.0
a 45 34 0 262471.0 30610.0
a 45 34 0 262471.0 29987.0
a 45 17 0 262471.0 137036.0
a 45 17 0 0.0 0.0
a 45 17 0 0.0 0.0
a 45 34 0 0.0 0.0
a 45 34 0 23716.0 0.0
a 45 17 0 0.0 0.0
a 45 17 0 0.0 0.0
a 45 17 0 0.0 0.0
a 45 17 0 0.0 0.0
a 45 34 0 0.0 0.0
a 45 34 0 0.0 0.0
a 45 34 0 0.0 0.0
a 45 34 0 0.0 0.0
a 46 28 0 262471.0 22154.0
a 46 31 0 262471.0 21804.0
a 46 37 0 262471.0 9033.0
a 46 38 0 262471.0 9143.0
a 46 40 0 262471.0 8435.0
a 46 40 0 262471.0 7840.0
a 46 38 0 262471.0 9092.0
a 46 37 0 262471.0 8628.0
a 46 31 0 262471.0 21865.0
a 46 28 0 262471.0 26185.0
a 46 28 0 0.0 0.0
a 46 28 0 0.0 0.0
a 46 31 0 0.0 0.0
a 46 31 0 0.0 0.0
a 46 37 0 0.0 0.0
a 46 38 0 0.0 0.0
a 46 38 0 0.0 0.0
a 46 40 0 0.0 0.0
a 46 40 0 0.0 0.0
a 46 37 0 125356.0 0.0
a 46 28 0 0.0 0.0
a 46 28 0 0.0 0.0
a 46 28 0 0.0 0.0
a 46 28 0 0.0 0.0
a 46 31 0 0.0 0.0
a 46 31 0 0.0 0.0
a 46 31 0 0.0 0.0
a 46 31 0 0.0 0.0
a 46 37 0 0.0 0.0
a 46 37 0 0.0 0.0
a 46 37 0 0.0 0.0
a 46 37 0 0.0 0.0
a 46 38 0 0.0 0.0
a 46 38 0 0.0 0.0
a 46 38 0 0.0 0.0
a 46 38 0 0.0 0.0
a 46 40 0 0.0 0.0
a 46 40 0 0.0 0.0
a 46 40 0 0.0 0.0
a 46 40 0 0.0 0.0
a 47 48 0 262471.0 1785.0
a 47 48 0 262471.0 1842.0
a 47 14 0 262471.0 268389.0
a 47 24 0 262471.0 1839.0
a 47 25 0 262471.0 2185.0
a 47 26 0 769076.0 990.0
a 47 25 0 262471.0 2137.0
a 47 24 0 262471.0 1973.0
a 47 26 0 769076.0 994.0
a 47 14 0 0.0 0.0
a 47 14 0 0.0 0.0
a 47 24 0 0.0 0.0
a 47 24 0 0.0 0.0
a 47 25 0 0.0 0.0
a 47 25 0 0.0 0.0
a 47 26 0 0.0 0.0
a 47 48 0 0.0 0.0
a 47 48 0 0.0 0.0
a 47 26 0 262471.0 0.0
a 47 14 0 0.0 258308.0
a 47 14 0 0.0 0.0
a 47 14 0 0.0 0.0
a 47 14 0 0.0 0.0
a 47 14 0 0.0 0.0
a 47 24 0 0.0 0.0
a 47 24 0 0.0 0.0
a 47 24 0 0.0 0.0
a 47 24 0 0.0 0.0
a 47 25 0 0.0 0.0
a 47 25 0 0.0 0.0
a 47 25 0 0.0 0.0
a 47 25 0 0.0 0.0
a 47 26 0 0.0 0.0
a 47 26 0 0.0 0.0
a 47 26 0 0.0 0.0
a 47 26 0 0.0 0.0
a 47 48 0 0.0 0.0
a 47 48 0 0.0 0.0
a 47 48 0 0.0 0.0
a 47 48 0 0.0 0.0
a 48 24 0 262471.0 2062.0
a 48 25 0 262471.0 2410.0
a 48 26 0 769076.0 978.0
a 48 47 0 262471.0 1785.0
a 48 47 0 262471.0 1842.0
a 48 25 0 262471.0 1974.0
a 48 24 0 262471.0 1970.0
a 48 26 0 769076.0 964.0
a 48 24 0 0.0 0.0
a 48 24 0 0.0 0.0
a 48 25 0 0.0 0.0
a 48 25 0 0.0 0.0
a 48 26 0 0.0 0.0
a 48 35 0 0.0 0.0
a 48 35 0 0.0 0.0
a 48 47 0 0.0 0.0
a 48 47 0 0.0 0.0
a 48 35 0 0.0 126377.0
a 48 26 0 357335.0 0.0
a 48 35 0 167607.0 127536.0
a 48 24 0 0.0 0.0
a 48 24 0 0.0 0.0
a 48 24 0 0.0 0.0
a 48 24 0 0.0 0.0
a 48 25 0 0.0 0.0
a 48 25 0 0.0 0.0
a 48 25 0 0.0 0.0
a 48 25 0 0.0 0.0
a 48 26 0 0.0 0.0
a 48 26 0 0.0 0.0
a 48 26 0 0.0 0.0
a 48 26 0 0.0 0.0
a 48 35 0 0.0 0.0
a 48 35 0 0.0 0.0
a 48 35 0 0.0 0.0
a 48 35 0 0.0 0.0
a 48 47 0 0.0 0.0
a 48 47 0 0.0 0.0
a 48 47 0 0.0 0.0
a 48 47 0 0.0 0.0
