p min 49 520
n 15 -769119.0
n 16 12506.0
n 17 12506.0
n 19 31265.0
n 20 31265.0
n 21 31265.0
n 22 31265.0
n 24 12506.0
n 25 12506.0
n 27 18759.0
n 28 18759.0
n 29 18759.0
n 30 18759.0
n 31 18759.0
n 32 18759.0
n 34 25012.0
n 35 25012.0
n 37 50024.0
n 38 50024.0
n 39 56277.0
n 40 50024.0
n 42 37518.0
n 43 56277.0
n 44 37518.0
n 45 12506.0
n 46 56277.0
n 47 12506.0
n 48 12506.0
a 0 4 0 769119.0 45.0
a 0 8 0 457273.0 86318.0
a 0 42 0 457273.0 101127.0
a 0 3 0 457273.0 192.0
a 0 2 0 457273.0 225.0
a 0 1 0 457273.0 241.0
a 0 1 0 457273.0 301.0
a 0 2 0 457273.0 238.0
a 0 3 0 457273.0 217.0
a 0 4 0 769119.0 46.0
a 0 8 0 457273.0 92303.0
a 0 42 0 457273.0 102154.0
a 1 4 0 769119.0 49.0
a 1 20 0 457273.0 344471.0
a 1 39 0 457273.0 304219.0
a 1 3 0 457273.0 256.0
a 1 2 0 457273.0 252.0
a 1 2 0 457273.0 276.0
a 1 3 0 457273.0 253.0
a 1 4 0 769119.0 49.0
a 1 20 0 457273.0 373222.0
a 1 39 0 457273.0 315968.0
a 1 0 0 457273.0 241.0
a 1 0 0 457273.0 301.0
a 2 4 0 769119.0 45.0
a 2 32 0 457273.0 300019.0
a 2 16 0 457273.0 138663.0
a 2 3 0 457273.0 175.0
a 2 3 0 457273.0 253.0
a 2 4 0 769119.0 45.0
a 2 16 0 457273.0 122255.0
a 2 32 0 457273.0 317741.0
a 2 0 0 457273.0 225.0
a 2 1 0 457273.0 252.0
a 2 1 0 457273.0 276.0
a 2 0 0 457273.0 238.0
a 3 14 0 457273.0 90240.0
a 3 4 0 769119.0 44.0
a 3 27 0 457273.0 351518.0
a 3 4 0 769119.0 45.0
a 3 14 0 457273.0 93347.0
a 3 27 0 457273.0 301423.0
a 3 0 0 457273.0 192.0
a 3 1 0 457273.0 256.0
a 3 2 0 457273.0 175.0
a 3 2 0 457273.0 253.0
a 3 1 0 457273.0 253.0
a 3 0 0 457273.0 217.0
a 4 0 0 769119.0 45.0
a 4 1 0 769119.0 49.0
a 4 2 0 769119.0 45.0
a 4 3 0 769119.0 44.0
a 4 3 0 769119.0 45.0
a 4 2 0 769119.0 45.0
a 4 1 0 769119.0 49.0
a 4 0 0 769119.0 46.0
a 5 7 0 769119.0 37.0
a 5 20 0 457273.0 19756.0
a 5 10 0 457273.0 341426.0
a 5 6 0 769119.0 268.0
a 5 6 0 769119.0 199.0
a 5 7 0 769119.0 38.0
a 5 10 0 457273.0 319572.0
a 5 20 0 457273.0 19549.0
a 6 7 0 769119.0 41.0
a 6 37 0 457273.0 56691.0
a 6 29 0 457273.0 62838.0
a 6 7 0 769119.0 42.0
a 6 29 0 457273.0 58814.0
a 6 37 0 457273.0 58165.0
a 6 5 0 769119.0 268.0
a 6 5 0 769119.0 199.0
a 7 5 0 769119.0 37.0
a 7 6 0 769119.0 41.0
a 7 6 0 769119.0 42.0
a 7 5 0 769119.0 38.0
a 8 12 0 769119.0 50.0
a 8 25 0 457273.0 411713.0
a 8 11 0 457273.0 591.0
a 8 10 0 457273.0 374.0
a 8 9 0 457273.0 228.0
a 8 9 0 457273.0 296.0
a 8 10 0 457273.0 263.0
a 8 11 0 457273.0 377.0
a 8 12 0 769119.0 50.0
a 8 25 0 457273.0 392235.0
a 8 0 0 457273.0 86318.0
a 8 0 0 457273.0 92303.0
a 9 12 0 769119.0 58.0
a 9 14 0 457273.0 123770.0
a 9 35 0 457273.0 251916.0
a 9 17 0 457273.0 150843.0
a 9 11 0 457273.0 578.0
a 9 10 0 457273.0 306.0
a 9 10 0 457273.0 362.0
a 9 11 0 457273.0 400.0
a 9 12 0 769119.0 59.0
a 9 14 0 457273.0 122879.0
a 9 17 0 457273.0 149250.0
a 9 35 0 457273.0 248879.0
a 9 8 0 457273.0 228.0
a 9 8 0 457273.0 296.0
a 10 11 0 457273.0 266.0
a 10 12 0 769119.0 56.0
a 10 28 0 457273.0 272292.0
a 10 11 0 457273.0 290.0
a 10 12 0 769119.0 57.0
a 10 28 0 457273.0 270680.0
a 10 5 0 457273.0 341426.0
a 10 8 0 457273.0 374.0
a 10 9 0 457273.0 306.0
a 10 9 0 457273.0 362.0
a 10 8 0 457273.0 263.0
a 10 5 0 457273.0 319572.0
a 11 38 0 457273.0 274258.0
a 11 12 0 769119.0 70.0
a 11 31 0 457273.0 277297.0
a 11 21 0 457273.0 326977.0
a 11 12 0 769119.0 70.0
a 11 21 0 457273.0 336787.0
a 11 31 0 457273.0 281725.0
a 11 38 0 457273.0 284559.0
a 11 8 0 457273.0 591.0
a 11 9 0 457273.0 578.0
a 11 10 0 457273.0 266.0
a 11 10 0 457273.0 290.0
a 11 9 0 457273.0 400.0
a 11 8 0 457273.0 377.0
a 12 8 0 769119.0 50.0
a 12 9 0 769119.0 58.0
a 12 10 0 769119.0 56.0
a 12 11 0 769119.0 70.0
a 12 11 0 769119.0 70.0
a 12 10 0 769119.0 57.0
a 12 9 0 769119.0 59.0
a 12 8 0 769119.0 50.0
a 13 35 0 457273.0 138478.0
a 13 15 0 769119.0 43.0
a 13 31 0 457273.0 418998.0
a 13 38 0 457273.0 431522.0
a 13 14 0 769119.0 298.0
a 13 14 0 769119.0 293.0
a 13 15 0 769119.0 43.0
a 13 31 0 457273.0 388943.0
a 13 35 0 457273.0 130862.0
a 13 38 0 457273.0 391031.0
a 14 47 0 457273.0 280474.0
a 14 42 0 457273.0 25506.0
a 14 15 0 769119.0 43.0
a 14 15 0 769119.0 43.0
a 14 42 0 457273.0 25280.0
a 14 47 0 457273.0 294526.0
a 14 3 0 457273.0 90240.0
a 14 9 0 457273.0 123770.0
a 14 13 0 769119.0 298.0
a 14 3 0 457273.0 93347.0
a 14 13 0 769119.0 293.0
a 14 9 0 457273.0 122879.0
a 15 13 0 769119.0 43.0
a 15 14 0 769119.0 43.0
a 15 14 0 769119.0 43.0
a 15 13 0 769119.0 43.0
a 16 18 0 769119.0 50.0
a 16 39 0 457273.0 425344.0
a 16 17 0 769119.0 312.0
a 16 17 0 769119.0 244.0
a 16 18 0 769119.0 51.0
a 16 39 0 457273.0 418971.0
a 16 2 0 457273.0 138663.0
a 16 2 0 457273.0 122255.0
a 17 18 0 769119.0 45.0
a 17 34 0 457273.0 120063.0
a 17 45 0 457273.0 99598.0
a 17 18 0 769119.0 46.0
a 17 34 0 457273.0 106673.0
a 17 45 0 457273.0 99492.0
a 17 9 0 457273.0 150843.0
a 17 16 0 769119.0 312.0
a 17 16 0 769119.0 244.0
a 17 9 0 457273.0 149250.0
a 18 16 0 769119.0 50.0
a 18 17 0 769119.0 45.0
a 18 17 0 769119.0 46.0
a 18 16 0 769119.0 51.0
a 19 23 0 769119.0 36.0
a 19 40 0 457273.0 66214.0
a 19 22 0 457273.0 106.0
a 19 21 0 457273.0 222.0
a 19 20 0 457273.0 221.0
a 19 20 0 457273.0 179.0
a 19 21 0 457273.0 244.0
a 19 22 0 457273.0 143.0
a 19 23 0 769119.0 36.0
a 19 40 0 457273.0 70458.0
a 20 23 0 769119.0 37.0
a 20 22 0 457273.0 238.0
a 20 21 0 457273.0 281.0
a 20 21 0 457273.0 205.0
a 20 22 0 457273.0 152.0
a 20 23 0 769119.0 38.0
a 20 1 0 457273.0 344471.0
a 20 5 0 457273.0 19756.0
a 20 19 0 457273.0 221.0
a 20 19 0 457273.0 179.0
a 20 5 0 457273.0 19549.0
a 20 1 0 457273.0 373222.0
a 21 23 0 769119.0 35.0
a 21 22 0 457273.0 263.0
a 21 22 0 457273.0 383.0
a 21 23 0 769119.0 35.0
a 21 11 0 457273.0 326977.0
a 21 19 0 457273.0 222.0
a 21 20 0 457273.0 281.0
a 21 20 0 457273.0 205.0
a 21 19 0 457273.0 244.0
a 21 11 0 457273.0 336787.0
a 22 23 0 769119.0 36.0
a 22 27 0 457273.0 69803.0
a 22 23 0 769119.0 36.0
a 22 27 0 457273.0 74355.0
a 22 19 0 457273.0 106.0
a 22 20 0 457273.0 238.0
a 22 21 0 457273.0 263.0
a 22 21 0 457273.0 383.0
a 22 20 0 457273.0 152.0
a 22 19 0 457273.0 143.0
a 23 19 0 769119.0 36.0
a 23 20 0 769119.0 37.0
a 23 21 0 769119.0 35.0
a 23 22 0 769119.0 36.0
a 23 22 0 769119.0 36.0
a 23 21 0 769119.0 35.0
a 23 20 0 769119.0 38.0
a 23 19 0 769119.0 36.0
a 24 25 0 457273.0 111.0
a 24 47 0 457273.0 92.0
a 24 48 0 457273.0 98.0
a 24 26 0 769119.0 40.0
a 24 30 0 457273.0 743517.0
a 24 25 0 457273.0 98.0
a 24 26 0 769119.0 39.0
a 24 30 0 457273.0 758666.0
a 24 47 0 457273.0 83.0
a 24 48 0 457273.0 96.0
a 25 47 0 457273.0 192.0
a 25 48 0 457273.0 125.0
a 25 26 0 769119.0 36.0
a 25 26 0 769119.0 36.0
a 25 47 0 457273.0 103.0
a 25 48 0 457273.0 98.0
a 25 8 0 457273.0 411713.0
a 25 24 0 457273.0 111.0
a 25 24 0 457273.0 98.0
a 25 8 0 457273.0 392235.0
a 26 47 0 769119.0 36.0
a 26 48 0 769119.0 36.0
a 26 47 0 769119.0 37.0
a 26 48 0 769119.0 36.0
a 26 24 0 769119.0 40.0
a 26 25 0 769119.0 36.0
a 26 25 0 769119.0 36.0
a 26 24 0 769119.0 39.0
a 27 33 0 769119.0 40.0
a 27 43 0 457273.0 36980.0
a 27 32 0 457273.0 213.0
a 27 31 0 457273.0 549.0
a 27 30 0 457273.0 296.0
a 27 29 0 457273.0 239.0
a 27 28 0 457273.0 281.0
a 27 28 0 457273.0 181.0
a 27 29 0 457273.0 261.0
a 27 30 0 457273.0 248.0
a 27 31 0 457273.0 295.0
a 27 32 0 457273.0 258.0
a 27 33 0 769119.0 41.0
a 27 43 0 457273.0 33717.0
a 27 3 0 457273.0 351518.0
a 27 22 0 457273.0 69803.0
a 27 22 0 457273.0 74355.0
a 27 3 0 457273.0 301423.0
a 28 33 0 769119.0 38.0
a 28 37 0 457273.0 6172.0
a 28 46 0 457273.0 5166.0
a 28 32 0 457273.0 293.0
a 28 31 0 457273.0 112.0
a 28 30 0 457273.0 780.0
a 28 29 0 457273.0 216.0
a 28 29 0 457273.0 223.0
a 28 30 0 457273.0 213.0
a 28 31 0 457273.0 128.0
a 28 32 0 457273.0 186.0
a 28 33 0 769119.0 38.0
a 28 37 0 457273.0 7943.0
a 28 46 0 457273.0 6637.0
a 28 10 0 457273.0 272292.0
a 28 27 0 457273.0 281.0
a 28 27 0 457273.0 181.0
a 28 10 0 457273.0 270680.0
a 29 33 0 769119.0 42.0
a 29 40 0 457273.0 5828.0
a 29 43 0 457273.0 33080.0
a 29 32 0 457273.0 239.0
a 29 31 0 457273.0 303.0
a 29 30 0 457273.0 707.0
a 29 30 0 457273.0 251.0
a 29 31 0 457273.0 258.0
a 29 32 0 457273.0 270.0
a 29 33 0 769119.0 42.0
a 29 40 0 457273.0 6425.0
a 29 43 0 457273.0 33088.0
a 29 6 0 457273.0 62838.0
a 29 27 0 457273.0 239.0
a 29 28 0 457273.0 216.0
a 29 28 0 457273.0 223.0
a 29 27 0 457273.0 261.0
a 29 6 0 457273.0 58814.0
a 30 33 0 769119.0 38.0
a 30 44 0 457273.0 31364.0
a 30 32 0 457273.0 240.0
a 30 31 0 457273.0 486.0
a 30 31 0 457273.0 319.0
a 30 32 0 457273.0 204.0
a 30 33 0 769119.0 38.0
a 30 44 0 457273.0 29076.0
a 30 24 0 457273.0 743517.0
a 30 27 0 457273.0 296.0
a 30 28 0 457273.0 780.0
a 30 29 0 457273.0 707.0
a 30 29 0 457273.0 251.0
a 30 28 0 457273.0 213.0
a 30 27 0 457273.0 248.0
a 30 24 0 457273.0 758666.0
a 31 33 0 769119.0 45.0
a 31 46 0 457273.0 5018.0
a 31 32 0 457273.0 430.0
a 31 32 0 457273.0 274.0
a 31 33 0 769119.0 46.0
a 31 46 0 457273.0 6097.0
a 31 11 0 457273.0 277297.0
a 31 13 0 457273.0 418998.0
a 31 27 0 457273.0 549.0
a 31 28 0 457273.0 112.0
a 31 29 0 457273.0 303.0
a 31 30 0 457273.0 486.0
a 31 30 0 457273.0 319.0
a 31 29 0 457273.0 258.0
a 31 28 0 457273.0 128.0
a 31 27 0 457273.0 295.0
a 31 13 0 457273.0 388943.0
a 31 11 0 457273.0 281725.0
a 32 33 0 769119.0 36.0
a 32 44 0 457273.0 29484.0
a 32 33 0 769119.0 37.0
a 32 44 0 457273.0 29416.0
a 32 2 0 457273.0 300019.0
a 32 27 0 457273.0 213.0
a 32 28 0 457273.0 293.0
a 32 29 0 457273.0 239.0
a 32 30 0 457273.0 240.0
a 32 31 0 457273.0 430.0
a 32 31 0 457273.0 274.0
a 32 30 0 457273.0 204.0
a 32 29 0 457273.0 270.0
a 32 28 0 457273.0 186.0
a 32 27 0 457273.0 258.0
a 32 2 0 457273.0 317741.0
a 33 27 0 769119.0 40.0
a 33 28 0 769119.0 38.0
a 33 29 0 769119.0 42.0
a 33 30 0 769119.0 38.0
a 33 31 0 769119.0 45.0
a 33 32 0 769119.0 36.0
a 33 32 0 769119.0 37.0
a 33 31 0 769119.0 46.0
a 33 30 0 769119.0 38.0
a 33 29 0 769119.0 42.0
a 33 28 0 769119.0 38.0
a 33 27 0 769119.0 41.0
a 34 37 0 457273.0 562960.0
a 34 36 0 769119.0 46.0
a 34 45 0 457273.0 7543.0
a 34 35 0 769119.0 348.0
a 34 35 0 769119.0 391.0
a 34 36 0 769119.0 47.0
a 34 37 0 457273.0 554830.0
a 34 45 0 457273.0 7701.0
a 34 17 0 457273.0 120063.0
a 34 17 0 457273.0 106673.0
a 35 48 0 457273.0 137280.0
a 35 36 0 769119.0 47.0
a 35 36 0 769119.0 48.0
a 35 48 0 457273.0 142786.0
a 35 9 0 457273.0 251916.0
a 35 13 0 457273.0 138478.0
a 35 34 0 769119.0 348.0
a 35 13 0 457273.0 130862.0
a 35 34 0 769119.0 391.0
a 35 9 0 457273.0 248879.0
a 36 34 0 769119.0 46.0
a 36 35 0 769119.0 47.0
a 36 35 0 769119.0 48.0
a 36 34 0 769119.0 47.0
a 37 41 0 769119.0 44.0
a 37 46 0 457273.0 1291.0
a 37 40 0 457273.0 319.0
a 37 39 0 457273.0 637.0
a 37 38 0 457273.0 867.0
a 37 38 0 457273.0 296.0
a 37 39 0 457273.0 339.0
a 37 40 0 457273.0 326.0
a 37 41 0 769119.0 45.0
a 37 46 0 457273.0 1292.0
a 37 6 0 457273.0 56691.0
a 37 28 0 457273.0 6172.0
a 37 34 0 457273.0 562960.0
a 37 34 0 457273.0 554830.0
a 37 28 0 457273.0 7943.0
a 37 6 0 457273.0 58165.0
a 38 41 0 769119.0 47.0
a 38 46 0 457273.0 1283.0
a 38 43 0 457273.0 36491.0
a 38 40 0 457273.0 331.0
a 38 39 0 457273.0 489.0
a 38 39 0 457273.0 404.0
a 38 40 0 457273.0 333.0
a 38 41 0 769119.0 47.0
a 38 43 0 457273.0 37691.0
a 38 46 0 457273.0 1303.0
a 38 11 0 457273.0 274258.0
a 38 13 0 457273.0 431522.0
a 38 37 0 457273.0 867.0
a 38 11 0 457273.0 284559.0
a 38 37 0 457273.0 296.0
a 38 13 0 457273.0 391031.0
a 39 41 0 769119.0 54.0
a 39 44 0 457273.0 32941.0
a 39 40 0 457273.0 460.0
a 39 40 0 457273.0 319.0
a 39 41 0 769119.0 54.0
a 39 44 0 457273.0 33335.0
a 39 1 0 457273.0 304219.0
a 39 16 0 457273.0 425344.0
a 39 37 0 457273.0 637.0
a 39 38 0 457273.0 489.0
a 39 38 0 457273.0 404.0
a 39 37 0 457273.0 339.0
a 39 16 0 457273.0 418971.0
a 39 1 0 457273.0 315968.0
a 40 41 0 769119.0 43.0
a 40 46 0 457273.0 1341.0
a 40 41 0 769119.0 44.0
a 40 46 0 457273.0 1320.0
a 40 19 0 457273.0 66214.0
a 40 29 0 457273.0 5828.0
a 40 37 0 457273.0 319.0
a 40 38 0 457273.0 331.0
a 40 39 0 457273.0 460.0
a 40 39 0 457273.0 319.0
a 40 38 0 457273.0 333.0
a 40 37 0 457273.0 326.0
a 40 29 0 457273.0 6425.0
a 40 19 0 457273.0 70458.0
a 41 37 0 769119.0 44.0
a 41 38 0 769119.0 47.0
a 41 39 0 769119.0 54.0
a 41 40 0 769119.0 43.0
a 41 40 0 769119.0 44.0
a 41 39 0 769119.0 54.0
a 41 38 0 769119.0 47.0
a 41 37 0 769119.0 45.0
a 42 0 0 457273.0 101127.0
a 42 14 0 457273.0 25506.0
a 42 14 0 457273.0 25280.0
a 42 0 0 457273.0 102154.0
a 43 27 0 457273.0 36980.0
a 43 29 0 457273.0 33080.0
a 43 38 0 457273.0 36491.0
a 43 38 0 457273.0 37691.0
a 43 29 0 457273.0 33088.0
a 43 27 0 457273.0 33717.0
a 44 30 0 457273.0 31364.0
a 44 32 0 457273.0 29484.0
a 44 39 0 457273.0 32941.0
a 44 39 0 457273.0 33335.0
a 44 32 0 457273.0 29416.0
a 44 30 0 457273.0 29076.0
a 45 17 0 457273.0 99598.0
a 45 34 0 457273.0 7543.0
a 45 34 0 457273.0 7701.0
a 45 17 0 457273.0 99492.0
a 46 28 0 457273.0 5166.0
a 46 31 0 457273.0 5018.0
a 46 37 0 457273.0 1291.0
a 46 38 0 457273.0 1283.0
a 46 40 0 457273.0 1341.0
a 46 40 0 457273.0 1320.0
a 46 38 0 457273.0 1303.0
a 46 37 0 457273.0 1292.0
a 46 31 0 457273.0 6097.0
a 46 28 0 457273.0 6637.0
a 47 48 0 457273.0 95.0
a 47 48 0 457273.0 94.0
a 47 14 0 457273.0 280474.0
a 47 24 0 457273.0 92.0
a 47 25 0 457273.0 192.0
a 47 26 0 769119.0 36.0
a 47 25 0 457273.0 103.0
a 47 24 0 457273.0 83.0
a 47 26 0 769119.0 37.0
a 47 14 0 457273.0 294526.0
a 48 24 0 457273.0 98.0
a 48 25 0 457273.0 125.0
a 48 26 0 769119.0 36.0
a 48 35 0 457273.0 137280.0
a 48 47 0 457273.0 95.0
a 48 47 0 457273.0 94.0
a 48 25 0 457273.0 98.0
a 48 24 0 457273.0 96.0
a 48 26 0 769119.0 36.0
a 48 35 0 457273.0 142786.0
