p min 21 322
n 7 -80244
n 9 -97320
n 20 -53414
n 18 -29168
n 15 -59522
n 1 17073 
n 4 29950 
n 5 43005 
a 1 17 0 26422 57122 
a 15 1 0 18635 83940 
a 2 18 0 40948 37474 
a 13 2 0 93857 18552 
a 3 9 0 92953 47067 
a 15 3 0 54713 45028 
a 4 12 0 10426 86560 
a 18 4 0 15818 12875 
a 5 8 0 55417 64422 
a 3 5 0 7522 28108 
a 6 10 0 68151 74275 
a 1 6 0 60726 64214 
a 7 3 0 84926 77262 
a 20 7 0 46955 58863 
a 8 9 0 28324 35520 
a 12 8 0 47311 30259 
a 9 15 0 24956 48110 
a 19 9 0 96508 30213 
a 10 8 0 8233 98949 
a 16 10 0 52612 29742 
a 11 4 0 84776 60777 
a 10 11 0 82294 86305 
a 12 5 0 19113 18974 
a 17 12 0 91047 19524 
a 13 1 0 20220 20737 
a 2 13 0 10020 52565 
a 14 3 0 67359 56624 
a 4 14 0 63677 24535 
a 15 14 0 70862 24679 
a 14 15 0 95110 49703 
a 16 4 0 89490 4568 
a 13 16 0 79896 33252 
a 17 20 0 42500 78352 
a 16 17 0 81119 57891 
a 18 5 0 31052 77371 
a 4 18 0 50374 11359 
a 19 18 0 35435 90850 
a 13 19 0 40606 49318 
a 20 2 0 61853 42695 
a 9 20 0 90848 98037 
a 15 1 0 6762 12052 
a 18 19 0 4172 47063 
a 5 12 0 52887 20835 
a 3 16 0 10810 83849 
a 6 5 0 1545 65807 
a 18 4 0 97815 85772 
a 4 18 0 73388 36285 
a 17 4 0 89869 79114 
a 9 5 0 14145 61465 
a 12 16 0 78855 92592 
a 5 8 0 79237 67789 
a 7 2 0 88671 86244 
a 5 4 0 53083 8058 
a 20 11 0 82722 15110 
a 8 14 0 80418 24848 
a 4 19 0 98392 33030 
a 8 11 0 70246 18279 
a 4 9 0 77443 81025 
a 12 13 0 695 17841 
a 1 20 0 40112 82259 
a 2 11 0 35390 18677 
a 6 14 0 92186 92600 
a 8 14 0 85761 51430 
a 5 2 0 7067 53717 
a 10 1 0 80526 90038 
a 8 17 0 84012 69480 
a 7 9 0 58862 66583 
a 2 10 0 6535 64109 
a 20 18 0 25799 7325 
a 11 15 0 20790 51584 
a 19 2 0 64689 75422 
a 20 11 0 5483 41405 
a 15 6 0 96239 84331 
a 16 2 0 52188 26207 
a 13 15 0 33592 96620 
a 11 19 0 23177 65352 
a 1 10 0 91705 1797 
a 14 11 0 60501 28974 
a 4 12 0 92155 40198 
a 20 15 0 13567 80374 
a 1 9 0 12760 12493 
a 20 7 0 61636 33059 
a 11 13 0 30321 21872 
a 15 13 0 49821 4978 
a 6 17 0 93265 31693 
a 19 14 0 22481 63711 
a 1 2 0 46605 6584 
a 16 3 0 68872 80675 
a 10 12 0 32927 93431 
a 13 11 0 92497 89871 
a 5 14 0 9994 90132 
a 11 18 0 77801 77235 
a 7 20 0 58061 44656 
a 12 17 0 55696 10369 
a 5 20 0 24703 63639 
a 3 13 0 55238 76607 
a 19 2 0 99113 64833 
a 10 4 0 40101 5876 
a 18 16 0 9416 48284 
a 2 17 0 6618 85802 
a 16 11 0 4147 34822 
a 4 8 0 73605 24350 
a 2 6 0 16639 53574 
a 13 2 0 58653 56055 
a 1 16 0 70393 78094 
a 20 10 0 21152 55532 
a 12 13 0 89670 6925 
a 16 13 0 85687 51637 
a 13 2 0 86371 63127 
a 11 14 0 72370 80151 
a 3 2 0 92573 7666 
a 5 12 0 46734 67923 
a 19 9 0 67456 70009 
a 15 6 0 12270 2343 
a 1 6 0 4762 45093 
a 1 16 0 66962 61322 
a 11 2 0 42139 70711 
a 9 3 0 29965 32859 
a 7 10 0 23926 27897 
a 14 15 0 80158 33967 
a 12 7 0 79093 66358 
a 9 5 0 8434 78376 
a 1 20 0 85050 84780 
a 8 1 0 2143 74581 
a 11 6 0 89121 39850 
a 12 16 0 83592 78393 
a 3 1 0 44627 96557 
a 12 20 0 16626 18740 
a 20 19 0 56861 24298 
a 9 2 0 6953 55240 
a 14 15 0 50915 80030 
a 10 6 0 66803 21321 
a 3 19 0 57097 52793 
a 9 18 0 2165 87153 
a 20 4 0 35452 94692 
a 1 20 0 44769 96660 
a 10 7 0 37630 63962 
a 16 1 0 46086 48168 
a 2 15 0 16110 42137 
a 2 12 0 90608 37136 
a 15 4 0 33880 67897 
a 17 18 0 46022 77206 
a 19 5 0 45991 28231 
a 16 4 0 91008 59966 
a 16 15 0 78292 80899 
a 16 20 0 31401 69703 
a 16 13 0 76603 50134 
a 2 19 0 79887 51618 
a 3 12 0 66456 19824 
a 11 7 0 48901 36424 
a 3 11 0 62619 13539 
a 16 5 0 71016 31061 
a 8 9 0 38760 1525 
a 1 5 0 13772 15437 
a 20 13 0 3582 19464 
a 2 20 0 98565 30319 
a 6 3 0 55642 46117 
a 18 11 0 26473 34377 
a 13 16 0 46979 50939 
a 9 4 0 88867 89339 
a 4 1 0 78612 84905 
a 19 11 0 2615 96871 
a 15 16 0 70951 75316 
a 8 19 0 16187 40706 
a 5 16 0 55199 36432 
a 11 5 0 35395 81936 
a 3 14 0 85920 5206 
a 9 18 0 26526 34493 
a 20 3 0 14934 87085 
a 13 15 0 69567 75741 
a 11 19 0 16541 44804 
a 10 5 0 25683 45658 
a 15 11 0 13766 1985 
a 8 15 0 67713 86 
a 11 2 0 35414 58253 
a 10 11 0 26387 85870 
a 8 5 0 83449 80596 
a 20 11 0 24991 37846 
a 3 1 0 5537 56918 
a 9 2 0 10832 32886 
a 6 9 0 48540 72044 
a 9 5 0 43151 74580 
a 2 3 0 15360 93875 
a 4 5 0 64005 23656 
a 7 14 0 59688 37948 
a 16 5 0 61167 33848 
a 12 7 0 31111 12373 
a 2 17 0 30241 700 
a 9 19 0 26418 31908 
a 20 12 0 56950 81633 
a 11 19 0 12088 29890 
a 13 2 0 69956 99666 
a 2 14 0 57608 89797 
a 7 5 0 59589 245 
a 1 3 0 59623 64431 
a 3 15 0 18505 90936 
a 6 20 0 42869 49979 
a 10 18 0 36567 57103 
a 12 7 0 95426 34714 
a 16 17 0 74127 13181 
a 2 14 0 33026 47612 
a 2 4 0 45423 18798 
a 19 11 0 90004 90875 
a 17 2 0 66929 61765 
a 18 8 0 2905 52174 
a 3 12 0 64292 85800 
a 18 11 0 86871 57341 
a 1 6 0 85852 19876 
a 9 16 0 4630 42340 
a 8 5 0 40793 48228 
a 5 2 0 93230 94503 
a 20 4 0 65588 45268 
a 18 20 0 44632 37364 
a 11 16 0 23704 88061 
a 18 17 0 32856 10842 
a 16 8 0 60386 50533 
a 14 3 0 42571 29104 
a 12 7 0 66895 78171 
a 13 14 0 81865 82132 
a 2 3 0 56710 39763 
a 6 13 0 55379 83820 
a 13 2 0 19949 53594 
a 5 18 0 33078 59380 
a 10 3 0 1701 89508 
a 4 20 0 74626 7906 
a 9 2 0 44945 55400 
a 16 10 0 59687 72123 
a 3 1 0 49389 86919 
a 15 16 0 30404 96675 
a 4 10 0 23845 72581 
a 7 8 0 73915 58743 
a 3 16 0 51618 62966 
a 5 8 0 59948 10351 
a 4 13 0 45943 32319 
a 13 4 0 1391 80419 
a 10 2 0 45626 83617 
a 3 15 0 24179 46407 
a 11 19 0 89820 14053 
a 5 19 0 16918 384 
a 10 15 0 15253 86881 
a 15 8 0 80387 2382 
a 10 17 0 39276 87713 
a 16 2 0 12369 35096 
a 2 7 0 27697 78586 
a 7 5 0 44251 48331 
a 18 15 0 97672 1525 
a 12 11 0 92380 8991 
a 19 9 0 72808 24806 
a 20 8 0 99395 53033 
a 4 8 0 90147 69773 
a 12 11 0 18572 69437 
a 5 2 0 56849 3804 
a 7 18 0 37689 33111 
a 5 17 0 68164 35903 
a 7 6 0 47985 43555 
a 14 2 0 27679 5402 
a 18 10 0 38502 19199 
a 10 20 0 55828 11379 
a 13 10 0 36441 43513 
a 7 2 0 33327 90659 
a 16 6 0 20095 58290 
a 11 19 0 2441 15650 
a 20 11 0 2531 51971 
a 15 14 0 40891 49740 
a 15 20 0 21377 96423 
a 20 16 0 30742 67653 
a 4 2 0 72929 44287 
a 10 5 0 67727 20885 
a 16 4 0 97208 10827 
a 6 4 0 95279 4220 
a 19 7 0 54740 29142 
a 10 9 0 1874 58357 
a 4 9 0 35466 85688 
a 11 10 0 90379 25779 
a 7 8 0 5589 14226 
a 14 1 0 13677 62256 
a 14 6 0 50655 95211 
a 20 15 0 94763 31157 
a 8 20 0 28605 74418 
a 14 18 0 8096 93268 
a 10 13 0 26242 48000 
a 18 17 0 37082 57517 
a 6 19 0 58438 11230 
a 1 3 0 39045 92558 
a 5 18 0 45259 22215 
a 11 1 0 22086 68930 
a 6 18 0 77667 40898 
a 6 10 0 8692 24572 
a 17 4 0 44421 97531 
a 9 6 0 21377 11282 
a 13 17 0 27659 41390 
a 20 18 0 41833 34934 
a 11 10 0 36179 8640 
a 5 15 0 65769 24077 
a 3 10 0 69099 29040 
a 20 14 0 50823 79095 
a 17 14 0 78415 61155 
a 8 19 0 36450 15590 
a 8 20 0 62835 78394 
a 2 9 0 56150 5016 
a 2 11 0 55117 8468 
a 14 8 0 96043 88439 
a 7 4 0 5353 39306 
a 5 14 0 73436 13150 
a 12 16 0 54135 83845 
a 13 7 0 98408 31911 
a 16 10 0 33562 73328 
a 6 17 0 216 76272 
a 5 20 0 15686 82281 
a 15 13 0 841 6168 
a 4 11 0 36642 86873 
a 14 11 0 36675 56472 
a 2 8 0 83436 62880 
a 11 4 0 90109 76208 
a 14 7 0 78527 2569 
a 6 4 0 47192 40592 
a 14 5 0 81355 33979 
a 19 15 0 97486 82092 
a 9 15 0 35824 74207 
a 12 16 0 12599 61423 
a 10 5 0 14766 93340 
a 20 11 0 88437 39725