p min 41 657
n 3 -19580.0
n 9 62847.0
n 11 58582.0
n 16 4661.0
n 17 -25918.0
n 25 -49702.0
n 33 6960.0
n 36 19080.0
n 37 -76717.0
n 38 96546.0
n 40 -76759.0
a 1 18 0 92563.0 69110.0
a 1 25 0 97884.0 40329.0
a 1 30 0 91009.0 22963.0
a 1 8 0 21325.0 71023.0
a 1 19 0 71856.0 95455.0
a 1 23 0 19335.0 10239.0
a 1 27 0 66823.0 60533.0
a 1 17 0 20155.0 87421.0
a 1 2 0 85625.0 92439.0
a 1 37 0 1288.0 89594.0
a 1 3 0 83629.0 73416.0
a 1 37 0 92117.0 15034.0
a 1 27 0 2713.0 19206.0
a 2 31 0 22651.0 94537.0
a 2 17 0 58907.0 87105.0
a 2 10 0 87172.0 13775.0
a 2 38 0 15688.0 25132.0
a 2 7 0 65884.0 31495.0
a 2 14 0 37287.0 27315.0
a 2 34 0 82768.0 68131.0
a 2 5 0 66960.0 1847.0
a 2 37 0 69156.0 12372.0
a 2 25 0 27965.0 74774.0
a 2 8 0 464.0 76818.0
a 2 28 0 4680.0 1474.0
a 2 17 0 40188.0 39224.0
a 2 37 0 66282.0 22666.0
a 2 24 0 92080.0 49275.0
a 3 6 0 37622.0 35311.0
a 3 12 0 84407.0 19306.0
a 3 25 0 15875.0 12049.0
a 3 14 0 17437.0 35393.0
a 3 9 0 10652.0 97314.0
a 3 24 0 90330.0 99489.0
a 3 39 0 63674.0 67096.0
a 3 9 0 93236.0 23484.0
a 3 17 0 7635.0 34030.0
a 3 1 0 43463.0 43374.0
a 3 25 0 25660.0 14349.0
a 3 35 0 65106.0 13638.0
a 3 32 0 73472.0 32207.0
a 3 20 0 86467.0 73553.0
a 3 2 0 54215.0 70884.0
a 4 14 0 85749.0 58839.0
a 4 22 0 67140.0 96689.0
a 4 34 0 68961.0 86810.0
a 4 39 0 94226.0 21960.0
a 4 11 0 55040.0 40942.0
a 4 32 0 88911.0 74770.0
a 4 35 0 94467.0 24869.0
a 4 34 0 2457.0 82636.0
a 4 7 0 71937.0 58010.0
a 4 25 0 65620.0 98974.0
a 5 31 0 94722.0 79189.0
a 5 11 0 64157.0 18605.0
a 5 14 0 21363.0 91683.0
a 5 26 0 56724.0 5644.0
a 5 36 0 80740.0 25228.0
a 5 37 0 68967.0 76734.0
a 5 40 0 16524.0 33778.0
a 5 6 0 89783.0 79590.0
a 5 11 0 3629.0 12311.0
a 5 6 0 93010.0 6560.0
a 5 2 0 57848.0 96144.0
a 5 6 0 59442.0 50608.0
a 5 8 0 90564.0 15528.0
a 5 31 0 40181.0 22325.0
a 5 30 0 33069.0 30604.0
a 5 4 0 90223.0 4757.0
a 5 21 0 93047.0 41136.0
a 5 36 0 52803.0 99473.0
a 5 35 0 70783.0 42583.0
a 5 7 0 76821.0 46617.0
a 5 31 0 23028.0 73841.0
a 5 33 0 65409.0 75224.0
a 5 30 0 6450.0 90915.0
a 6 4 0 1389.0 19829.0
a 6 34 0 98334.0 38526.0
a 6 36 0 84568.0 49500.0
a 6 26 0 518.0 85752.0
a 6 13 0 7376.0 46276.0
a 6 34 0 78999.0 60142.0
a 6 3 0 9055.0 75837.0
a 6 29 0 31164.0 72289.0
a 6 3 0 68074.0 25684.0
a 6 14 0 82755.0 21700.0
a 6 10 0 73912.0 57224.0
a 6 29 0 86721.0 16896.0
a 6 22 0 9877.0 23951.0
a 6 34 0 47232.0 10040.0
a 6 15 0 3469.0 94115.0
a 6 32 0 17435.0 78021.0
a 6 17 0 3465.0 95705.0
a 7 2 0 72235.0 53086.0
a 7 31 0 31851.0 69427.0
a 7 2 0 94580.0 35678.0
a 7 37 0 67905.0 50892.0
a 7 25 0 9870.0 51628.0
a 7 8 0 95229.0 44359.0
a 7 6 0 66473.0 58705.0
a 7 26 0 96907.0 18807.0
a 7 14 0 3466.0 61944.0
a 7 34 0 13191.0 95294.0
a 7 33 0 32232.0 78523.0
a 7 32 0 75055.0 96441.0
a 7 3 0 81511.0 24867.0
a 7 22 0 33429.0 56148.0
a 7 40 0 25522.0 27146.0
a 7 15 0 82828.0 98790.0
a 7 28 0 66552.0 70412.0
a 7 32 0 51110.0 44825.0
a 8 17 0 66418.0 26621.0
a 8 16 0 75187.0 84521.0
a 8 21 0 43536.0 39063.0
a 8 1 0 37818.0 79055.0
a 8 30 0 10381.0 66593.0
a 8 19 0 18860.0 18526.0
a 8 37 0 96560.0 54224.0
a 8 40 0 77973.0 19102.0
a 8 21 0 51799.0 73586.0
a 8 7 0 44312.0 92625.0
a 8 10 0 76041.0 26476.0
a 8 40 0 95056.0 45840.0
a 8 6 0 60741.0 18538.0
a 8 34 0 61624.0 36129.0
a 8 33 0 62521.0 28271.0
a 8 7 0 86936.0 34148.0
a 9 21 0 89711.0 52649.0
a 9 23 0 48342.0 32237.0
a 9 3 0 68700.0 1025.0
a 9 21 0 43123.0 74114.0
a 9 37 0 54073.0 68933.0
a 9 26 0 6775.0 11807.0
a 9 11 0 57615.0 54945.0
a 9 26 0 10849.0 88797.0
a 9 37 0 13208.0 44167.0
a 9 15 0 34339.0 78294.0
a 9 35 0 36702.0 47765.0
a 9 6 0 12380.0 87351.0
a 9 38 0 15732.0 84619.0
a 9 18 0 13768.0 10142.0
a 9 34 0 37779.0 32932.0
a 9 30 0 52667.0 48072.0
a 9 7 0 25578.0 96715.0
a 9 40 0 99955.0 69121.0
a 9 16 0 15894.0 97610.0
a 10 18 0 70364.0 96645.0
a 10 16 0 64465.0 59699.0
a 10 14 0 63944.0 27468.0
a 10 37 0 84448.0 40839.0
a 10 4 0 8940.0 87610.0
a 10 39 0 95852.0 95656.0
a 10 14 0 90167.0 50889.0
a 10 37 0 32512.0 65888.0
a 10 27 0 54939.0 85439.0
a 10 14 0 31620.0 52211.0
a 10 31 0 81180.0 71684.0
a 10 16 0 22096.0 3078.0
a 10 39 0 8282.0 74799.0
a 11 4 0 96009.0 2057.0
a 11 10 0 436.0 15651.0
a 11 22 0 14941.0 38454.0
a 11 21 0 73234.0 23916.0
a 11 4 0 86673.0 87856.0
a 11 31 0 50126.0 96224.0
a 11 28 0 75816.0 19920.0
a 11 17 0 15555.0 58454.0
a 11 8 0 49152.0 49690.0
a 11 20 0 83265.0 93345.0
a 11 5 0 84697.0 68808.0
a 11 13 0 43512.0 21847.0
a 11 4 0 9003.0 7805.0
a 12 39 0 62333.0 85814.0
a 12 15 0 37401.0 92585.0
a 12 39 0 19639.0 32956.0
a 12 31 0 64496.0 48506.0
a 12 37 0 43037.0 90315.0
a 12 36 0 58125.0 98659.0
a 12 13 0 59444.0 40658.0
a 12 25 0 760.0 94181.0
a 12 38 0 26646.0 42646.0
a 12 32 0 25514.0 93354.0
a 12 10 0 40175.0 29074.0
a 12 9 0 54072.0 27290.0
a 12 23 0 5938.0 94772.0
a 12 3 0 26922.0 1244.0
a 12 10 0 87169.0 60305.0
a 13 7 0 70664.0 31442.0
a 13 4 0 68419.0 43939.0
a 13 19 0 87709.0 57744.0
a 13 21 0 50765.0 11359.0
a 13 35 0 38168.0 67025.0
a 13 30 0 46066.0 87496.0
a 13 8 0 95966.0 9827.0
a 13 18 0 51467.0 48470.0
a 13 26 0 98475.0 86299.0
a 13 26 0 90211.0 74579.0
a 13 29 0 16980.0 16554.0
a 13 8 0 46616.0 39754.0
a 13 36 0 3061.0 66467.0
a 13 40 0 21105.0 1649.0
a 13 30 0 87753.0 29406.0
a 13 11 0 17850.0 77180.0
a 13 23 0 24291.0 36858.0
a 13 3 0 41090.0 14686.0
a 13 4 0 2686.0 90858.0
a 13 19 0 96301.0 48055.0
a 14 24 0 92279.0 6333.0
a 14 10 0 39618.0 59955.0
a 14 39 0 43071.0 74014.0
a 14 30 0 53224.0 39874.0
a 14 18 0 20239.0 96197.0
a 14 28 0 306.0 22792.0
a 14 13 0 37181.0 63953.0
a 14 30 0 37701.0 76285.0
a 14 32 0 74029.0 10865.0
a 14 19 0 48125.0 67120.0
a 14 21 0 4134.0 26225.0
a 14 4 0 82178.0 66543.0
a 14 27 0 89822.0 26838.0
a 15 19 0 53795.0 24881.0
a 15 19 0 58054.0 97450.0
a 15 12 0 8746.0 36482.0
a 15 24 0 53871.0 88058.0
a 15 34 0 53554.0 29594.0
a 15 38 0 63726.0 14736.0
a 15 22 0 46733.0 10029.0
a 15 38 0 22683.0 23166.0
a 15 7 0 85481.0 87838.0
a 15 8 0 97391.0 95810.0
a 15 18 0 65054.0 42430.0
a 15 2 0 49607.0 65195.0
a 15 12 0 21440.0 29652.0
a 15 20 0 69063.0 58753.0
a 15 34 0 76450.0 95351.0
a 15 36 0 62297.0 32142.0
a 16 2 0 98041.0 61931.0
a 16 7 0 91619.0 22543.0
a 16 33 0 98973.0 21565.0
a 16 35 0 6874.0 9660.0
a 16 21 0 59187.0 86607.0
a 16 30 0 87873.0 81246.0
a 16 38 0 85139.0 47553.0
a 16 31 0 34643.0 62058.0
a 16 5 0 9298.0 26913.0
a 16 33 0 45131.0 6168.0
a 16 37 0 63222.0 30830.0
a 16 30 0 28704.0 5286.0
a 16 24 0 65156.0 67509.0
a 16 21 0 34583.0 26043.0
a 16 29 0 2652.0 82462.0
a 16 36 0 63674.0 98583.0
a 16 12 0 49671.0 95298.0
a 16 34 0 32390.0 66440.0
a 16 11 0 99974.0 64414.0
a 16 8 0 7249.0 74015.0
a 17 1 0 75617.0 69499.0
a 17 30 0 69913.0 35282.0
a 17 12 0 28088.0 66116.0
a 17 4 0 82296.0 32024.0
a 17 29 0 61794.0 99450.0
a 17 3 0 21332.0 67090.0
a 17 35 0 32585.0 18411.0
a 17 16 0 57526.0 37727.0
a 17 10 0 40906.0 88411.0
a 17 3 0 98831.0 81104.0
a 17 2 0 59343.0 5949.0
a 17 21 0 87718.0 91180.0
a 17 3 0 15381.0 91464.0
a 17 34 0 40554.0 59613.0
a 17 7 0 71955.0 23047.0
a 17 6 0 82957.0 40848.0
a 17 6 0 11308.0 43125.0
a 17 33 0 17455.0 30420.0
a 17 6 0 1250.0 73813.0
a 17 22 0 78323.0 79627.0
a 17 9 0 25918.0 1388.0
a 18 5 0 92706.0 17480.0
a 18 39 0 38519.0 81137.0
a 18 1 0 59724.0 23479.0
a 18 4 0 5828.0 60908.0
a 18 23 0 56269.0 8007.0
a 18 16 0 49771.0 40602.0
a 18 6 0 3082.0 13486.0
a 18 2 0 28000.0 16007.0
a 18 39 0 22540.0 31064.0
a 18 30 0 17582.0 88626.0
a 18 15 0 71472.0 61771.0
a 18 15 0 67200.0 13722.0
a 18 35 0 74296.0 19195.0
a 18 10 0 80084.0 38687.0
a 18 35 0 51148.0 16583.0
a 18 21 0 55918.0 30518.0
a 19 3 0 8644.0 30941.0
a 19 22 0 11275.0 79874.0
a 19 23 0 25476.0 99793.0
a 19 29 0 12374.0 44771.0
a 19 16 0 69268.0 47895.0
a 19 2 0 32997.0 71029.0
a 19 29 0 97468.0 95159.0
a 19 2 0 94261.0 89469.0
a 19 28 0 48246.0 22122.0
a 19 37 0 24385.0 69390.0
a 19 24 0 66234.0 30718.0
a 19 30 0 63476.0 1963.0
a 19 27 0 63398.0 91871.0
a 19 22 0 75617.0 42881.0
a 19 15 0 79045.0 73718.0
a 19 15 0 90161.0 3914.0
a 19 4 0 65618.0 40198.0
a 19 25 0 53783.0 9612.0
a 20 16 0 95557.0 54930.0
a 20 27 0 25671.0 2019.0
a 20 27 0 74477.0 92730.0
a 20 40 0 93670.0 85788.0
a 20 17 0 1755.0 16362.0
a 20 17 0 86107.0 63219.0
a 20 18 0 90111.0 20860.0
a 20 14 0 23126.0 3129.0
a 20 32 0 67024.0 95791.0
a 20 29 0 58086.0 99961.0
a 20 36 0 85737.0 21228.0
a 20 3 0 16206.0 44987.0
a 20 11 0 25771.0 37179.0
a 20 12 0 10219.0 55163.0
a 20 38 0 90840.0 12530.0
a 20 39 0 71592.0 12760.0
a 20 32 0 98430.0 54188.0
a 20 8 0 72634.0 76996.0
a 20 9 0 19024.0 17343.0
a 20 22 0 19695.0 24521.0
a 20 17 0 83156.0 95689.0
a 20 30 0 40950.0 77002.0
a 20 33 0 5565.0 41906.0
a 20 28 0 45661.0 9953.0
a 21 31 0 6972.0 90559.0
a 21 12 0 40687.0 22340.0
a 21 39 0 29736.0 19334.0
a 21 5 0 5624.0 48506.0
a 21 2 0 43233.0 93094.0
a 21 24 0 30787.0 97010.0
a 21 34 0 18340.0 693.0
a 21 4 0 72175.0 88346.0
a 21 35 0 84440.0 99670.0
a 21 29 0 65610.0 47012.0
a 21 5 0 25321.0 69435.0
a 21 37 0 67413.0 14085.0
a 21 11 0 88600.0 76582.0
a 21 34 0 39352.0 89391.0
a 21 6 0 76481.0 12460.0
a 21 36 0 22803.0 85180.0
a 21 32 0 17978.0 10759.0
a 21 4 0 92304.0 65147.0
a 21 31 0 35520.0 18511.0
a 21 19 0 21330.0 12099.0
a 21 25 0 76023.0 77317.0
a 21 38 0 69594.0 62546.0
a 21 25 0 94109.0 61746.0
a 22 19 0 18725.0 46006.0
a 22 16 0 54278.0 93051.0
a 22 32 0 17973.0 24071.0
a 22 36 0 93004.0 78133.0
a 22 35 0 36896.0 54819.0
a 22 15 0 15239.0 629.0
a 22 9 0 79517.0 31638.0
a 22 28 0 98590.0 63060.0
a 22 14 0 80115.0 39113.0
a 22 25 0 84054.0 4513.0
a 22 38 0 34074.0 8537.0
a 22 15 0 33065.0 59401.0
a 22 38 0 42499.0 62104.0
a 22 37 0 47760.0 95657.0
a 22 4 0 78573.0 77395.0
a 22 14 0 4171.0 95466.0
a 22 9 0 89872.0 40676.0
a 22 21 0 41789.0 21601.0
a 23 10 0 19061.0 50130.0
a 23 21 0 57811.0 34510.0
a 23 22 0 76670.0 40485.0
a 23 38 0 87198.0 37581.0
a 23 19 0 76040.0 89894.0
a 23 32 0 31861.0 35334.0
a 23 35 0 22465.0 26198.0
a 23 22 0 1113.0 67906.0
a 23 5 0 44432.0 92763.0
a 23 30 0 62494.0 3839.0
a 23 36 0 31087.0 85861.0
a 23 3 0 65112.0 74779.0
a 23 20 0 76835.0 3044.0
a 23 29 0 34886.0 45044.0
a 23 17 0 11373.0 24275.0
a 24 8 0 51152.0 99640.0
a 24 14 0 38826.0 52903.0
a 24 18 0 25757.0 68668.0
a 24 5 0 95258.0 12312.0
a 24 39 0 79763.0 17137.0
a 24 21 0 92690.0 57914.0
a 24 1 0 66211.0 25607.0
a 24 27 0 95145.0 94616.0
a 24 2 0 5768.0 57738.0
a 24 35 0 58778.0 80852.0
a 25 14 0 6864.0 17224.0
a 25 5 0 89839.0 94646.0
a 25 15 0 42349.0 41221.0
a 25 21 0 8729.0 88767.0
a 25 7 0 86431.0 83771.0
a 25 32 0 77807.0 56764.0
a 25 29 0 38562.0 32687.0
a 25 30 0 8384.0 70064.0
a 25 37 0 34863.0 41674.0
a 25 19 0 32045.0 10320.0
a 25 38 0 93135.0 24413.0
a 25 17 0 89568.0 65775.0
a 25 26 0 97065.0 83460.0
a 25 15 0 40403.0 42803.0
a 25 8 0 34965.0 94328.0
a 25 3 0 21231.0 8686.0
a 25 32 0 96824.0 39712.0
a 25 30 0 39846.0 18942.0
a 25 21 0 6814.0 82367.0
a 25 3 0 42444.0 58332.0
a 25 30 0 95813.0 97360.0
a 25 32 0 23758.0 47808.0
a 25 36 0 84693.0 9888.0
a 25 9 0 82784.0 63411.0
a 25 7 0 89549.0 88373.0
a 25 11 0 73089.0 9732.0
a 25 5 0 84707.0 58814.0
a 26 27 0 32801.0 8804.0
a 26 13 0 92419.0 51275.0
a 26 39 0 84189.0 61425.0
a 26 21 0 74892.0 51798.0
a 26 2 0 68503.0 58517.0
a 26 8 0 28196.0 37038.0
a 26 36 0 64229.0 61034.0
a 26 14 0 99428.0 27145.0
a 26 24 0 83120.0 34725.0
a 26 15 0 23227.0 63228.0
a 26 36 0 86232.0 52626.0
a 26 5 0 50112.0 91824.0
a 26 35 0 35595.0 77021.0
a 26 37 0 51031.0 62004.0
a 26 34 0 22987.0 53811.0
a 26 1 0 42655.0 90914.0
a 26 27 0 68731.0 82936.0
a 26 16 0 55128.0 14162.0
a 26 20 0 17882.0 87079.0
a 27 5 0 63576.0 59230.0
a 27 20 0 39628.0 38606.0
a 27 14 0 62230.0 63239.0
a 27 34 0 23337.0 92156.0
a 27 26 0 14476.0 57657.0
a 27 17 0 50222.0 16478.0
a 27 28 0 4152.0 69703.0
a 27 28 0 59884.0 43078.0
a 27 12 0 81333.0 20642.0
a 27 32 0 28303.0 90617.0
a 27 31 0 31604.0 53535.0
a 27 26 0 76752.0 53861.0
a 27 16 0 92588.0 99851.0
a 27 1 0 4719.0 54533.0
a 27 20 0 69347.0 11067.0
a 27 13 0 9548.0 93888.0
a 27 30 0 9897.0 53333.0
a 27 35 0 1641.0 74591.0
a 27 17 0 74025.0 36008.0
a 28 22 0 32779.0 95642.0
a 28 35 0 20018.0 2264.0
a 28 23 0 83784.0 39205.0
a 28 3 0 87377.0 58004.0
a 28 4 0 48355.0 96673.0
a 28 5 0 66790.0 50941.0
a 28 16 0 76559.0 74081.0
a 28 12 0 72732.0 92881.0
a 28 31 0 25926.0 63745.0
a 28 36 0 64778.0 35558.0
a 28 40 0 41899.0 99401.0
a 29 13 0 59699.0 94081.0
a 29 10 0 43012.0 55027.0
a 29 24 0 85367.0 48199.0
a 29 37 0 47183.0 89114.0
a 29 1 0 1406.0 21402.0
a 29 39 0 80616.0 82680.0
a 29 14 0 67643.0 65373.0
a 30 28 0 1572.0 9463.0
a 30 5 0 51132.0 33811.0
a 30 32 0 20907.0 92388.0
a 30 23 0 17599.0 5762.0
a 30 40 0 40530.0 59.0
a 30 13 0 72598.0 39976.0
a 30 4 0 13231.0 37725.0
a 30 18 0 46131.0 4279.0
a 30 21 0 86507.0 71860.0
a 30 21 0 88702.0 78034.0
a 30 31 0 91808.0 2661.0
a 30 38 0 28552.0 60512.0
a 30 8 0 37754.0 57182.0
a 31 7 0 48785.0 21407.0
a 31 1 0 50058.0 51616.0
a 31 19 0 68699.0 78495.0
a 31 4 0 75057.0 40255.0
a 31 7 0 80768.0 61047.0
a 31 29 0 17750.0 96706.0
a 31 18 0 81889.0 45060.0
a 31 32 0 57479.0 95367.0
a 31 10 0 3239.0 97150.0
a 31 20 0 22318.0 1703.0
a 31 13 0 33591.0 8475.0
a 31 6 0 45354.0 39830.0
a 31 4 0 33120.0 31903.0
a 31 27 0 49423.0 2686.0
a 32 29 0 34347.0 32614.0
a 32 38 0 51745.0 52023.0
a 32 38 0 41784.0 11052.0
a 32 25 0 50758.0 8992.0
a 32 7 0 964.0 62732.0
a 32 9 0 98570.0 22986.0
a 32 24 0 23645.0 20114.0
a 32 15 0 88818.0 7726.0
a 32 24 0 27655.0 43554.0
a 32 9 0 10004.0 63310.0
a 32 28 0 87495.0 17549.0
a 32 10 0 66113.0 77248.0
a 32 21 0 85142.0 65775.0
a 32 3 0 1904.0 35143.0
a 32 29 0 4228.0 94261.0
a 32 13 0 15370.0 26692.0
a 32 40 0 83829.0 65557.0
a 32 7 0 92236.0 60829.0
a 32 10 0 73178.0 99414.0
a 32 27 0 72463.0 1825.0
a 33 31 0 96761.0 31948.0
a 33 38 0 98752.0 67500.0
a 33 22 0 77019.0 20927.0
a 33 16 0 78815.0 33418.0
a 33 11 0 58648.0 79284.0
a 33 4 0 26951.0 59721.0
a 33 35 0 26642.0 89759.0
a 33 14 0 29479.0 98300.0
a 33 22 0 16113.0 134.0
a 33 17 0 71264.0 71375.0
a 33 30 0 46397.0 74281.0
a 33 31 0 12612.0 19286.0
a 33 27 0 68527.0 7186.0
a 33 11 0 44773.0 84658.0
a 33 31 0 39297.0 81457.0
a 33 35 0 83802.0 93803.0
a 33 25 0 10594.0 8494.0
a 34 1 0 51563.0 63566.0
a 34 19 0 51337.0 63233.0
a 34 17 0 41291.0 87992.0
a 34 10 0 63724.0 23774.0
a 34 10 0 11626.0 80325.0
a 34 20 0 38289.0 6588.0
a 34 32 0 5869.0 53914.0
a 34 39 0 3155.0 96279.0
a 34 17 0 83792.0 46250.0
a 34 13 0 7606.0 85753.0
a 34 36 0 14533.0 55465.0
a 34 19 0 23317.0 95224.0
a 34 26 0 22435.0 60293.0
a 35 9 0 48156.0 7172.0
a 35 18 0 85386.0 93255.0
a 35 24 0 58700.0 97718.0
a 35 5 0 61636.0 38532.0
a 35 36 0 46455.0 90336.0
a 35 29 0 15418.0 46373.0
a 35 4 0 63494.0 65111.0
a 35 40 0 18823.0 24245.0
a 35 21 0 55221.0 20129.0
a 35 40 0 11540.0 39184.0
a 35 40 0 48807.0 71320.0
a 35 31 0 34349.0 45873.0
a 35 39 0 26998.0 54419.0
a 35 6 0 17429.0 75930.0
a 35 37 0 32012.0 73681.0
a 35 16 0 30453.0 96142.0
a 35 25 0 9629.0 11499.0
a 35 9 0 8412.0 71016.0
a 35 40 0 33879.0 94304.0
a 36 16 0 87792.0 13924.0
a 36 18 0 82420.0 8420.0
a 36 38 0 67789.0 54126.0
a 36 2 0 26115.0 67971.0
a 36 9 0 53368.0 73464.0
a 36 32 0 35910.0 10610.0
a 36 20 0 10923.0 79398.0
a 36 9 0 47607.0 60955.0
a 36 32 0 77526.0 22745.0
a 36 29 0 47374.0 30361.0
a 36 29 0 43577.0 21813.0
a 36 39 0 54008.0 76161.0
a 36 32 0 74344.0 68120.0
a 36 32 0 71426.0 82580.0
a 36 34 0 68052.0 23898.0
a 37 6 0 51233.0 55282.0
a 37 10 0 55230.0 95480.0
a 37 30 0 29325.0 5485.0
a 37 20 0 98635.0 39289.0
a 37 4 0 89994.0 51987.0
a 37 14 0 64030.0 77736.0
a 37 33 0 93629.0 3170.0
a 37 6 0 69139.0 14958.0
a 37 6 0 23955.0 72786.0
a 37 18 0 9345.0 86271.0
a 37 13 0 65767.0 66384.0
a 37 25 0 180.0 17666.0
a 37 19 0 13725.0 2017.0
a 37 40 0 87829.0 33408.0
a 37 29 0 43719.0 98728.0
a 37 18 0 39707.0 17649.0
a 37 33 0 20679.0 22798.0
a 37 29 0 44131.0 91770.0
a 38 8 0 81410.0 39066.0
a 38 31 0 51148.0 92431.0
a 38 7 0 89660.0 9022.0
a 38 1 0 81782.0 44560.0
a 38 39 0 72899.0 23863.0
a 38 25 0 55541.0 47458.0
a 38 8 0 32464.0 6181.0
a 38 10 0 57918.0 39619.0
a 38 34 0 77136.0 61325.0
a 38 30 0 13062.0 69228.0
a 38 12 0 30550.0 42616.0
a 38 18 0 22072.0 17054.0
a 38 1 0 74956.0 78401.0
a 38 23 0 85831.0 57322.0
a 38 31 0 71896.0 5107.0
a 38 28 0 93223.0 15171.0
a 38 23 0 74639.0 56950.0
a 39 22 0 34173.0 60525.0
a 39 27 0 26285.0 98826.0
a 39 2 0 97967.0 30934.0
a 39 35 0 37719.0 41625.0
a 39 25 0 67623.0 83237.0
a 39 22 0 32469.0 97375.0
a 39 9 0 26406.0 3313.0
a 39 12 0 510.0 63781.0
a 39 13 0 42211.0 60228.0
a 39 38 0 1043.0 77154.0
a 39 33 0 69176.0 81968.0
a 39 40 0 47792.0 18774.0
a 39 14 0 77711.0 29013.0
a 39 3 0 15243.0 28380.0
a 40 14 0 93188.0 5069.0
a 40 5 0 81074.0 7655.0
a 40 39 0 41114.0 9924.0
a 40 14 0 55470.0 20419.0
a 40 2 0 85464.0 2129.0
a 40 12 0 12380.0 14990.0
a 40 16 0 78783.0 21526.0
a 40 22 0 48406.0 71926.0
a 40 38 0 48755.0 73752.0
a 40 12 0 1583.0 80198.0
a 40 11 0 76666.0 63564.0
a 40 28 0 59145.0 21868.0
a 40 22 0 19352.0 67212.0
