p min 1001 4000 
c Minimum-cost flow problem 
c Automatically generated---very little structure 
c Max node supply/demand 100000
c Max arc cost 100000
c Max arc capacity 100000
c nodes 1000
c arcs 4000 
c supply 2 
c demand 6 
c random seed
n 64 -20736.0
n 197 -10797.0
n 379 19553.0
n 439 -28743.0
n 543 -14764.0
n 877 59357.0
n 999 -3870.0
a 1 296 0 37712 60756 
a 343 1 0 52852 77707 
a 2 775 0 63158 25732 
a 788 2 0 38731 14031 
a 3 411 0 70416 90803 
a 163 3 0 62429 38706 
a 4 892 0 35650 15794 
a 337 4 0 53846 24837 
a 5 988 0 28060 77797 
a 652 5 0 9336 51545 
a 6 290 0 94019 46501 
a 151 6 0 6946 909 
a 7 723 0 39068 8598 
a 432 7 0 74774 38177 
a 8 962 0 60820 37440 
a 32 8 0 91000 24691 
a 9 697 0 21636 79612 
a 720 9 0 81424 79209 
a 10 705 0 35589 1007 
a 644 10 0 95592 51566 
a 11 167 0 46953 74989 
a 997 11 0 34313 5498 
a 12 376 0 47166 39902 
a 68 12 0 937 90867 
a 13 468 0 25674 906 
a 340 13 0 42481 61455 
a 14 282 0 61662 73745 
a 289 14 0 85960 50851 
a 15 623 0 82035 45011 
a 389 15 0 15627 65247 
a 16 111 0 93467 18169 
a 552 16 0 78836 49847 
a 17 807 0 97731 49916 
a 731 17 0 23487 1035 
a 18 46 0 46169 26620 
a 826 18 0 30496 92390 
a 19 171 0 24260 1255 
a 990 19 0 91488 37433 
a 20 248 0 85943 87230 
a 97 20 0 35336 49972 
a 21 688 0 92618 12728 
a 225 21 0 88785 3388 
a 22 767 0 17335 94307 
a 793 22 0 27771 68007 
a 23 684 0 25278 94942 
a 684 23 0 59261 89039 
a 24 754 0 65535 21813 
a 448 24 0 41270 95404 
a 25 515 0 51577 72070 
a 939 25 0 3875 12958 
a 26 940 0 49882 61257 
a 162 26 0 68943 32206 
a 27 976 0 85413 34445 
a 182 27 0 56034 89345 
a 28 78 0 70114 31275 
a 897 28 0 26440 49927 
a 29 394 0 77327 8428 
a 719 29 0 98517 86709 
a 30 877 0 83718 64188 
a 49 30 0 1601 24433 
a 31 975 0 52400 83130 
a 476 31 0 60142 33543 
a 32 1 0 73720 55509 
a 571 32 0 17625 52741 
a 33 705 0 83986 51045 
a 797 33 0 47659 53374 
a 34 724 0 39716 65947 
a 710 34 0 22179 3078 
a 35 468 0 91517 13961 
a 787 35 0 19401 815 
a 36 525 0 69254 68262 
a 692 36 0 2247 76807 
a 37 785 0 40700 42920 
a 414 37 0 83805 88344 
a 38 351 0 94667 70588 
a 646 38 0 70365 75718 
a 39 816 0 36186 905 
a 264 39 0 10950 99075 
a 40 832 0 24727 46586 
a 278 40 0 52311 58044 
a 41 599 0 41926 77410 
a 991 41 0 17431 49799 
a 42 755 0 78385 95265 
a 27 42 0 57986 45 
a 43 534 0 21998 6511 
a 763 43 0 23989 19010 
a 44 616 0 86258 9406 
a 492 44 0 38210 30819 
a 45 528 0 35883 54347 
a 425 45 0 76920 71796 
a 46 665 0 66193 82241 
a 955 46 0 20816 79250 
a 47 905 0 35315 51338 
a 163 47 0 65026 74792 
a 48 291 0 3424 44292 
a 891 48 0 3913 21654 
a 49 910 0 25586 90810 
a 621 49 0 86229 94506 
a 50 668 0 59640 23880 
a 161 50 0 34602 84310 
a 51 795 0 70210 24036 
a 891 51 0 15424 48052 
a 52 771 0 14416 29507 
a 243 52 0 63806 78988 
a 53 662 0 24150 5747 
a 531 53 0 77109 30624 
a 54 167 0 77311 84873 
a 702 54 0 86283 3709 
a 55 460 0 84479 10923 
a 669 55 0 23058 75196 
a 56 664 0 49606 18283 
a 340 56 0 17104 52044 
a 57 250 0 97738 78633 
a 709 57 0 83187 20210 
a 58 41 0 15974 39286 
a 17 58 0 37975 48546 
a 59 635 0 76799 90769 
a 894 59 0 83871 26073 
a 60 856 0 92744 83987 
a 296 60 0 58285 76508 
a 61 421 0 65538 60149 
a 730 61 0 85593 13819 
a 62 822 0 90050 95178 
a 341 62 0 64759 27821 
a 63 254 0 72843 54283 
a 582 63 0 64862 14292 
a 64 539 0 78898 28484 
a 317 64 0 91358 78735 
a 65 454 0 46572 87596 
a 756 65 0 74033 45734 
a 66 677 0 14523 56590 
a 975 66 0 87612 54859 
a 67 25 0 8240 68451 
a 397 67 0 37754 56134 
a 68 797 0 7605 31470 
a 639 68 0 32098 73541 
a 69 303 0 47928 29336 
a 47 69 0 53344 15489 
a 70 398 0 62933 71635 
a 209 70 0 60070 51420 
a 71 671 0 30763 13371 
a 6 71 0 32130 56059 
a 72 911 0 8360 65917 
a 519 72 0 5462 3440 
a 73 777 0 78175 50991 
a 336 73 0 63544 86569 
a 74 971 0 7939 36209 
a 904 74 0 1248 80965 
a 75 888 0 12963 73649 
a 758 75 0 78237 42182 
a 76 517 0 13673 24020 
a 599 76 0 15488 49274 
a 77 937 0 43219 61504 
a 714 77 0 91244 36279 
a 78 190 0 37214 65544 
a 736 78 0 98848 66874 
a 79 131 0 69682 67665 
a 598 79 0 92987 4933 
a 80 722 0 72322 89127 
a 788 80 0 81806 33723 
a 81 136 0 39829 59315 
a 947 81 0 32061 50260 
a 82 70 0 32066 10337 
a 951 82 0 33565 35118 
a 83 4 0 12501 46192 
a 86 83 0 67828 6211 
a 84 241 0 72287 52152 
a 955 84 0 720 40021 
a 85 557 0 4284 58050 
a 74 85 0 17232 48950 
a 86 620 0 169 80647 
a 230 86 0 1058 63907 
a 87 532 0 45126 86835 
a 477 87 0 44232 24943 
a 88 486 0 39013 5800 
a 247 88 0 99423 78498 
a 89 829 0 296 27026 
a 616 89 0 43178 61536 
a 90 809 0 67178 49047 
a 748 90 0 29200 25347 
a 91 700 0 10071 52690 
a 963 91 0 11466 87805 
a 92 433 0 30237 56710 
a 665 92 0 9440 53174 
a 93 139 0 41381 34733 
a 809 93 0 40065 25533 
a 94 289 0 54746 34670 
a 975 94 0 6796 65880 
a 95 562 0 37730 72361 
a 464 95 0 32108 1201 
a 96 926 0 63528 74188 
a 737 96 0 89792 9633 
a 97 422 0 38262 33164 
a 969 97 0 84715 87092 
a 98 606 0 4606 21877 
a 920 98 0 55279 93538 
a 99 813 0 24014 34128 
a 679 99 0 93448 52230 
a 100 898 0 87042 44740 
a 660 100 0 81648 83798 
a 101 517 0 41678 67428 
a 354 101 0 4278 8486 
a 102 354 0 49862 41167 
a 684 102 0 87112 20566 
a 103 7 0 72204 69596 
a 573 103 0 97474 82393 
a 104 739 0 37662 23945 
a 137 104 0 74352 18976 
a 105 730 0 15119 38554 
a 766 105 0 30084 54972 
a 106 816 0 85536 35768 
a 34 106 0 3702 49918 
a 107 692 0 78524 31514 
a 17 107 0 38553 58249 
a 108 828 0 23746 71449 
a 395 108 0 7768 75659 
a 109 31 0 20573 87721 
a 601 109 0 45979 33272 
a 110 276 0 50649 55019 
a 538 110 0 91575 93474 
a 111 433 0 19167 46755 
a 915 111 0 76230 67956 
a 112 924 0 22191 20996 
a 384 112 0 27745 25094 
a 113 80 0 33240 7347 
a 107 113 0 32148 88453 
a 114 233 0 3773 55208 
a 368 114 0 78427 68472 
a 115 209 0 9071 48578 
a 891 115 0 90736 61836 
a 116 817 0 91295 75374 
a 113 116 0 50299 93495 
a 117 510 0 18483 18573 
a 246 117 0 34065 34778 
a 118 320 0 52945 49941 
a 352 118 0 10327 36759 
a 119 847 0 49773 62310 
a 444 119 0 10857 28621 
a 120 301 0 72110 26032 
a 284 120 0 75746 9024 
a 121 290 0 5944 85613 
a 825 121 0 86703 99357 
a 122 720 0 89282 35446 
a 155 122 0 7976 28866 
a 123 47 0 64953 35489 
a 357 123 0 27728 56950 
a 124 117 0 81543 78864 
a 24 124 0 26528 98320 
a 125 669 0 81765 65284 
a 384 125 0 96480 95008 
a 126 367 0 71321 21363 
a 604 126 0 53349 31776 
a 127 231 0 38048 67278 
a 199 127 0 53927 73967 
a 128 146 0 90405 21254 
a 416 128 0 61887 83324 
a 129 46 0 90298 14739 
a 752 129 0 27671 10721 
a 130 170 0 14285 24633 
a 159 130 0 48396 15392 
a 131 746 0 16398 2587 
a 820 131 0 54922 79548 
a 132 675 0 28919 90985 
a 837 132 0 48801 42554 
a 133 199 0 91446 2000 
a 218 133 0 56128 14455 
a 134 896 0 54957 33044 
a 358 134 0 74684 28321 
a 135 46 0 30854 13894 
a 972 135 0 69453 5686 
a 136 68 0 70889 4964 
a 722 136 0 41738 23734 
a 137 609 0 58944 82353 
a 884 137 0 41125 3733 
a 138 277 0 88728 15747 
a 751 138 0 66928 8510 
a 139 268 0 98631 98110 
a 452 139 0 46899 26018 
a 140 716 0 15816 74954 
a 356 140 0 43819 26786 
a 141 136 0 28439 18991 
a 967 141 0 26037 14585 
a 142 215 0 10643 50779 
a 332 142 0 94349 28595 
a 143 95 0 30417 67138 
a 559 143 0 62927 20218 
a 144 553 0 15653 78626 
a 595 144 0 88847 17739 
a 145 40 0 12115 38511 
a 636 145 0 10253 8871 
a 146 818 0 36895 54163 
a 854 146 0 21589 29510 
a 147 62 0 50334 8898 
a 137 147 0 29946 62181 
a 148 908 0 79745 67221 
a 83 148 0 97463 84953 
a 149 301 0 88907 20934 
a 351 149 0 38398 3859 
a 150 287 0 37214 31549 
a 624 150 0 95657 88964 
a 151 356 0 59327 40615 
a 29 151 0 95909 49424 
a 152 823 0 37677 75991 
a 543 152 0 21310 9321 
a 153 371 0 56018 29890 
a 695 153 0 28369 86156 
a 154 418 0 71990 31734 
a 389 154 0 76929 23863 
a 155 880 0 28916 68069 
a 468 155 0 23934 24059 
a 156 381 0 45296 60298 
a 29 156 0 96611 89750 
a 157 876 0 88454 91440 
a 239 157 0 7082 64696 
a 158 742 0 716 61487 
a 864 158 0 710 37527 
a 159 661 0 2936 3265 
a 650 159 0 66034 52981 
a 160 895 0 84161 8907 
a 763 160 0 82968 44214 
a 161 413 0 98750 29704 
a 190 161 0 42084 64442 
a 162 11 0 10461 23232 
a 132 162 0 21182 93786 
a 163 851 0 10024 78632 
a 603 163 0 86908 36557 
a 164 128 0 28956 86448 
a 179 164 0 64453 95052 
a 165 420 0 18804 64056 
a 334 165 0 48236 43826 
a 166 903 0 4599 61014 
a 795 166 0 51769 30571 
a 167 339 0 49075 28383 
a 429 167 0 58282 1157 
a 168 17 0 41096 29420 
a 176 168 0 38203 44949 
a 169 125 0 39918 66102 
a 156 169 0 11741 34671 
a 170 467 0 92882 46012 
a 90 170 0 75047 15587 
a 171 542 0 3701 87042 
a 7 171 0 30759 1255 
a 172 567 0 89840 64346 
a 319 172 0 10769 57149 
a 173 893 0 45667 64981 
a 981 173 0 8584 53424 
a 174 934 0 34227 500 
a 550 174 0 51256 95941 
a 175 204 0 70022 81451 
a 394 175 0 98380 11650 
a 176 868 0 4652 32770 
a 771 176 0 64326 69978 
a 177 736 0 55147 76755 
a 534 177 0 1229 17011 
a 178 88 0 3173 48760 
a 804 178 0 7339 2323 
a 179 9 0 44631 65670 
a 395 179 0 1325 29462 
a 180 294 0 24365 95821 
a 160 180 0 43671 1596 
a 181 486 0 61421 17715 
a 472 181 0 76030 15478 
a 182 437 0 80014 94812 
a 140 182 0 38109 36374 
a 183 483 0 16624 68242 
a 70 183 0 64199 29158 
a 184 178 0 29910 50900 
a 323 184 0 50536 36198 
a 185 51 0 1631 42389 
a 177 185 0 34277 46795 
a 186 951 0 2965 60188 
a 207 186 0 97739 97331 
a 187 95 0 38878 88169 
a 398 187 0 41291 21714 
a 188 297 0 27922 24784 
a 978 188 0 14282 27471 
a 189 317 0 31327 24902 
a 439 189 0 72182 6791 
a 190 88 0 68469 70114 
a 899 190 0 3236 90857 
a 191 593 0 19512 89701 
a 788 191 0 35994 61346 
a 192 669 0 92486 11085 
a 803 192 0 37442 9145 
a 193 621 0 95908 76984 
a 595 193 0 79351 49192 
a 194 305 0 22910 53526 
a 924 194 0 11877 9158 
a 195 449 0 74554 6736 
a 755 195 0 79237 19883 
a 196 163 0 71599 95451 
a 192 196 0 90836 65840 
a 197 314 0 96914 67576 
a 198 197 0 51386 87040 
a 198 159 0 55461 21273 
a 924 198 0 71793 77032 
a 199 856 0 17319 75075 
a 769 199 0 91351 9891 
a 200 477 0 23611 59284 
a 64 200 0 56122 90172 
a 201 718 0 40034 77378 
a 426 201 0 50251 97523 
a 202 487 0 77720 7673 
a 151 202 0 78991 23469 
a 203 32 0 28824 65238 
a 72 203 0 13201 83078 
a 204 58 0 66992 71982 
a 609 204 0 83697 34216 
a 205 824 0 25229 87058 
a 147 205 0 55916 17333 
a 206 15 0 60990 3225 
a 744 206 0 5022 62720 
a 207 538 0 56834 89780 
a 139 207 0 75711 60279 
a 208 442 0 4187 72829 
a 622 208 0 50710 54900 
a 209 289 0 97320 60021 
a 852 209 0 34518 75147 
a 210 78 0 96743 70880 
a 502 210 0 87381 52440 
a 211 99 0 28679 7190 
a 447 211 0 82120 63498 
a 212 503 0 17157 6629 
a 268 212 0 67763 53829 
a 213 774 0 17606 39737 
a 580 213 0 1885 1659 
a 214 911 0 49764 24671 
a 750 214 0 99388 39593 
a 215 827 0 35000 39496 
a 287 215 0 4308 19007 
a 216 936 0 28393 12070 
a 609 216 0 93494 22244 
a 217 331 0 43811 37584 
a 452 217 0 86774 85843 
a 218 252 0 86873 57799 
a 459 218 0 37912 7223 
a 219 896 0 47898 62579 
a 490 219 0 43495 83411 
a 220 219 0 76746 68515 
a 74 220 0 73754 21484 
a 221 432 0 16641 39962 
a 505 221 0 95526 8679 
a 222 707 0 86886 37464 
a 140 222 0 85748 97052 
a 223 635 0 77696 16963 
a 252 223 0 76404 11887 
a 224 116 0 72367 85560 
a 219 224 0 26512 58308 
a 225 370 0 46667 13199 
a 213 225 0 49084 82605 
a 226 553 0 69577 35781 
a 311 226 0 20778 3999 
a 227 578 0 47624 22511 
a 542 227 0 648 39444 
a 228 584 0 69373 70145 
a 703 228 0 44857 52813 
a 229 77 0 75035 31291 
a 346 229 0 4425 56252 
a 230 309 0 22934 40024 
a 381 230 0 56279 19349 
a 231 320 0 75203 62965 
a 43 231 0 7664 82109 
a 232 770 0 28521 28421 
a 223 232 0 88626 44445 
a 233 965 0 45639 95024 
a 688 233 0 85464 9771 
a 234 536 0 58859 81271 
a 720 234 0 5784 39179 
a 235 96 0 92957 35656 
a 141 235 0 47935 85336 
a 236 460 0 35271 53765 
a 435 236 0 80224 38719 
a 237 149 0 74983 51321 
a 610 237 0 33328 66152 
a 238 954 0 87742 38175 
a 478 238 0 71912 54008 
a 239 723 0 19295 37997 
a 57 239 0 11541 51732 
a 240 140 0 91038 18476 
a 378 240 0 12055 63780 
a 241 443 0 38789 58895 
a 520 241 0 42647 78411 
a 242 17 0 71933 12159 
a 297 242 0 61360 94306 
a 243 34 0 3019 85499 
a 7 243 0 27265 69342 
a 244 432 0 7258 24674 
a 905 244 0 11797 81802 
a 245 667 0 11777 80340 
a 897 245 0 79135 21360 
a 246 655 0 97177 31731 
a 524 246 0 27997 24583 
a 247 130 0 11870 26086 
a 30 247 0 85518 35289 
a 248 392 0 3085 79765 
a 803 248 0 97366 85494 
a 249 281 0 98638 11786 
a 830 249 0 74196 19899 
a 250 875 0 89423 26950 
a 836 250 0 42560 56189 
a 251 661 0 16881 32359 
a 112 251 0 14284 27451 
a 252 728 0 38093 43600 
a 936 252 0 85951 4578 
a 253 991 0 80291 89031 
a 840 253 0 64674 83387 
a 254 419 0 2202 20211 
a 326 254 0 80930 85814 
a 255 29 0 40034 17255 
a 170 255 0 83079 19164 
a 256 618 0 1312 48057 
a 645 256 0 891 51165 
a 257 818 0 69916 33818 
a 179 257 0 90097 87580 
a 258 630 0 6871 6611 
a 76 258 0 13262 62828 
a 259 677 0 82792 29168 
a 618 259 0 77597 58591 
a 260 352 0 27239 15249 
a 934 260 0 46435 46263 
a 261 233 0 28035 25467 
a 839 261 0 75879 52024 
a 262 55 0 34536 46035 
a 96 262 0 63496 44205 
a 263 788 0 37580 40123 
a 406 263 0 77268 45421 
a 264 546 0 18151 97965 
a 615 264 0 93564 92464 
a 265 246 0 25080 1547 
a 101 265 0 18929 1463 
a 266 444 0 59955 14183 
a 929 266 0 10673 41278 
a 267 32 0 45006 71750 
a 794 267 0 33000 20481 
a 268 202 0 35134 51641 
a 401 268 0 89952 86030 
a 269 635 0 6623 69692 
a 520 269 0 74959 67717 
a 270 282 0 18559 48618 
a 417 270 0 92100 62400 
a 271 778 0 41103 90389 
a 467 271 0 63752 32791 
a 272 275 0 56272 21020 
a 752 272 0 34496 4600 
a 273 788 0 20265 42731 
a 948 273 0 55866 99863 
a 274 61 0 18421 4212 
a 424 274 0 83765 47168 
a 275 925 0 55348 69018 
a 107 275 0 9924 22389 
a 276 778 0 81804 34708 
a 919 276 0 86956 33213 
a 277 330 0 4656 50725 
a 34 277 0 39672 24237 
a 278 212 0 87314 46063 
a 904 278 0 28276 47752 
a 279 673 0 31713 28911 
a 398 279 0 40224 9411 
a 280 443 0 51077 70030 
a 530 280 0 64096 32034 
a 281 874 0 18050 88859 
a 57 281 0 34918 97096 
a 282 65 0 11104 86593 
a 312 282 0 90301 6169 
a 283 313 0 83045 69686 
a 801 283 0 65821 80798 
a 284 404 0 66561 35924 
a 206 284 0 70122 78786 
a 285 61 0 43163 39934 
a 564 285 0 5033 70069 
a 286 668 0 57798 78490 
a 918 286 0 63120 67569 
a 287 366 0 50458 21857 
a 983 287 0 36480 14340 
a 288 136 0 71378 20437 
a 186 288 0 67365 68137 
a 289 850 0 79310 72146 
a 665 289 0 5858 7769 
a 290 50 0 75909 56230 
a 479 290 0 17182 51409 
a 291 225 0 98987 11917 
a 981 291 0 59239 7180 
a 292 320 0 77801 82647 
a 919 292 0 72914 12965 
a 293 310 0 43674 221 
a 506 293 0 55026 61182 
a 294 84 0 68198 13231 
a 822 294 0 31428 49487 
a 295 457 0 10781 24236 
a 457 295 0 98092 94566 
a 296 496 0 36683 42952 
a 825 296 0 65748 65565 
a 297 314 0 20527 26234 
a 22 297 0 85040 39156 
a 298 163 0 87672 44007 
a 472 298 0 38073 73444 
a 299 837 0 16459 48020 
a 277 299 0 83548 69389 
a 300 800 0 82066 97586 
a 298 300 0 96059 3912 
a 301 505 0 87602 72663 
a 368 301 0 82023 30936 
a 302 976 0 70380 7332 
a 23 302 0 60868 99836 
a 303 519 0 31564 10988 
a 718 303 0 15708 34602 
a 304 102 0 1288 89624 
a 498 304 0 4949 77024 
a 305 745 0 35968 75768 
a 550 305 0 96577 90208 
a 306 872 0 9113 77465 
a 476 306 0 35537 58214 
a 307 316 0 38160 24158 
a 917 307 0 83683 39068 
a 308 478 0 68932 9412 
a 341 308 0 88561 74262 
a 309 921 0 83891 22338 
a 515 309 0 32021 95539 
a 310 599 0 83521 45897 
a 272 310 0 69171 76930 
a 311 76 0 71663 94285 
a 685 311 0 47690 62752 
a 312 177 0 42797 72496 
a 460 312 0 75984 76082 
a 313 517 0 66079 87163 
a 506 313 0 68533 53317 
a 314 578 0 95487 15861 
a 195 314 0 22785 42453 
a 315 428 0 39874 1953 
a 572 315 0 38087 29325 
a 316 24 0 51826 32565 
a 734 316 0 34861 58310 
a 317 690 0 57585 62290 
a 669 317 0 69275 7494 
a 318 362 0 13741 96022 
a 788 318 0 88076 41008 
a 319 845 0 14960 94268 
a 987 319 0 17898 33382 
a 320 615 0 9522 30795 
a 273 320 0 72665 58434 
a 321 828 0 66295 62154 
a 883 321 0 36598 65426 
a 322 481 0 8786 48268 
a 291 322 0 75588 36184 
a 323 960 0 99777 1289 
a 404 323 0 32011 75404 
a 324 664 0 61902 61181 
a 521 324 0 64969 70696 
a 325 583 0 99570 41176 
a 413 325 0 42740 40994 
a 326 564 0 58089 77478 
a 499 326 0 37092 92922 
a 327 429 0 77425 54997 
a 34 327 0 27306 426 
a 328 420 0 26356 44072 
a 346 328 0 14809 16976 
a 329 297 0 79013 72167 
a 390 329 0 50159 54977 
a 330 372 0 22347 68382 
a 297 330 0 9892 86882 
a 331 303 0 7368 68613 
a 989 331 0 73353 36095 
a 332 270 0 97068 47053 
a 721 332 0 29332 42456 
a 333 432 0 42706 5129 
a 193 333 0 61754 18285 
a 334 225 0 36244 76321 
a 901 334 0 95113 38689 
a 335 927 0 32655 22418 
a 782 335 0 43107 22375 
a 336 434 0 83732 73721 
a 739 336 0 91478 9047 
a 337 248 0 36448 56568 
a 661 337 0 687 56169 
a 338 270 0 21738 64730 
a 136 338 0 65701 84934 
a 339 751 0 10997 26 
a 60 339 0 27206 18606 
a 340 988 0 13285 56561 
a 351 340 0 5262 5295 
a 341 336 0 54598 69397 
a 563 341 0 13367 10947 
a 342 63 0 18291 52600 
a 340 342 0 42944 42007 
a 343 138 0 77395 26152 
a 748 343 0 53988 63974 
a 344 442 0 59283 40293 
a 338 344 0 3539 59204 
a 345 935 0 47121 32827 
a 39 345 0 17379 87015 
a 346 66 0 32769 89923 
a 659 346 0 82753 34999 
a 347 360 0 87990 73456 
a 250 347 0 70277 54639 
a 348 658 0 70230 26475 
a 577 348 0 26705 29949 
a 349 34 0 62224 60302 
a 675 349 0 78759 75100 
a 350 915 0 41939 18335 
a 729 350 0 74769 51859 
a 351 332 0 83506 31885 
a 90 351 0 5247 84862 
a 352 14 0 46807 69028 
a 727 352 0 9842 65876 
a 353 225 0 43699 91657 
a 581 353 0 99949 12689 
a 354 597 0 32496 97649 
a 858 354 0 78546 42875 
a 355 423 0 46343 69226 
a 270 355 0 91367 80410 
a 356 490 0 68463 63573 
a 961 356 0 54153 49484 
a 357 90 0 48676 13061 
a 254 357 0 31153 4505 
a 358 131 0 37524 86938 
a 972 358 0 1626 17296 
a 359 764 0 7885 56180 
a 801 359 0 52424 30393 
a 360 693 0 92139 61033 
a 356 360 0 6316 5276 
a 361 502 0 94928 75160 
a 126 361 0 83515 40633 
a 362 817 0 24067 61065 
a 647 362 0 64271 92484 
a 363 893 0 91975 83298 
a 198 363 0 89070 98327 
a 364 725 0 40176 57981 
a 7 364 0 26499 23397 
a 365 766 0 87223 36022 
a 554 365 0 22647 10561 
a 366 752 0 4168 20247 
a 645 366 0 94925 26529 
a 367 403 0 56798 60478 
a 331 367 0 97106 64870 
a 368 386 0 60561 72510 
a 837 368 0 92281 50913 
a 369 795 0 9401 61033 
a 579 369 0 55494 18931 
a 370 985 0 81290 11264 
a 371 370 0 59177 12583 
a 371 332 0 20524 62492 
a 824 371 0 42863 23083 
a 372 270 0 80645 5158 
a 483 372 0 61624 23384 
a 373 728 0 2959 76860 
a 50 373 0 92400 63161 
a 374 496 0 5457 24339 
a 682 374 0 43054 32416 
a 375 554 0 26130 66118 
a 199 375 0 93604 12425 
a 376 51 0 85335 9490 
a 467 376 0 3262 52069 
a 377 405 0 83876 891 
a 753 377 0 69421 34404 
a 378 33 0 93752 59487 
a 439 378 0 88930 57822 
a 379 202 0 17666 15994 
a 230 379 0 58767 39891 
a 380 543 0 32508 56460 
a 224 380 0 97523 46622 
a 381 962 0 77235 51275 
a 846 381 0 53571 51412 
a 382 863 0 77981 70313 
a 120 382 0 19127 51478 
a 383 340 0 64029 57143 
a 397 383 0 40140 95785 
a 384 52 0 71988 70451 
a 307 384 0 14617 39609 
a 385 530 0 73905 85731 
a 414 385 0 25623 31942 
a 386 531 0 68377 91756 
a 740 386 0 78513 53733 
a 387 582 0 76952 82418 
a 33 387 0 15747 27581 
a 388 980 0 59953 43190 
a 393 388 0 90754 87434 
a 389 553 0 35152 19747 
a 62 389 0 41458 48188 
a 390 887 0 71117 41192 
a 159 390 0 82920 48531 
a 391 227 0 27421 62706 
a 644 391 0 93244 88146 
a 392 776 0 57942 94277 
a 420 392 0 45269 52467 
a 393 656 0 89475 36610 
a 379 393 0 13671 1531 
a 394 931 0 68267 49596 
a 737 394 0 75206 80291 
a 395 622 0 69135 56757 
a 982 395 0 64020 24319 
a 396 976 0 74946 44064 
a 397 396 0 14019 23197 
a 397 194 0 81306 22889 
a 686 397 0 30238 87510 
a 398 337 0 61393 31127 
a 81 398 0 65035 44063 
a 399 60 0 28898 35876 
a 811 399 0 69024 18411 
a 400 373 0 52109 95968 
a 92 400 0 15831 3182 
a 401 730 0 43433 43564 
a 808 401 0 36520 4474 
a 402 989 0 94684 35516 
a 403 402 0 62201 93625 
a 403 325 0 21975 6480 
a 840 403 0 51446 38661 
a 404 202 0 2600 91014 
a 943 404 0 19672 95342 
a 405 580 0 74057 10946 
a 640 405 0 50741 88730 
a 406 407 0 9807 48079 
a 796 406 0 6347 6445 
a 407 288 0 95444 70620 
a 59 407 0 19969 95000 
a 408 718 0 4063 97514 
a 144 408 0 40440 25836 
a 409 362 0 5396 824 
a 42 409 0 61272 35295 
a 410 542 0 43047 6928 
a 382 410 0 48389 10517 
a 411 461 0 94514 31113 
a 736 411 0 79172 33689 
a 412 556 0 97790 33248 
a 932 412 0 60940 91315 
a 413 57 0 53526 27993 
a 54 413 0 66681 86514 
a 414 191 0 55458 96142 
a 43 414 0 50774 16109 
a 415 349 0 85495 23783 
a 504 415 0 978 38488 
a 416 965 0 77383 86371 
a 652 416 0 56571 74751 
a 417 588 0 38904 11373 
a 630 417 0 66472 40788 
a 418 63 0 88783 47172 
a 47 418 0 44878 5277 
a 419 711 0 54796 44563 
a 415 419 0 12704 36953 
a 420 208 0 50138 4491 
a 167 420 0 87668 58362 
a 421 180 0 63576 36362 
a 1 421 0 91756 50595 
a 422 476 0 63845 38683 
a 526 422 0 14427 13779 
a 423 389 0 35820 33849 
a 481 423 0 63270 38297 
a 424 276 0 26794 58950 
a 696 424 0 22160 67318 
a 425 938 0 24531 58895 
a 389 425 0 80875 42722 
a 426 648 0 83909 27312 
a 352 426 0 63778 93612 
a 427 343 0 95022 84505 
a 79 427 0 99581 53967 
a 428 491 0 39458 63329 
a 84 428 0 58377 4977 
a 429 47 0 33001 91870 
a 174 429 0 55047 4290 
a 430 661 0 73186 68471 
a 512 430 0 79171 69881 
a 431 794 0 34692 53275 
a 692 431 0 39851 73665 
a 432 603 0 3706 31538 
a 942 432 0 34296 89297 
a 433 829 0 96710 70158 
a 642 433 0 33590 35668 
a 434 373 0 70194 97391 
a 617 434 0 99812 3102 
a 435 7 0 43116 78130 
a 742 435 0 69804 87978 
a 436 592 0 28787 1569 
a 973 436 0 35432 70904 
a 437 570 0 6160 5373 
a 274 437 0 47145 75761 
a 438 834 0 7141 35967 
a 665 438 0 83660 37233 
a 439 210 0 42853 36214 
a 816 439 0 11221 64157 
a 440 612 0 39759 26091 
a 174 440 0 48815 5962 
a 441 547 0 46988 15877 
a 997 441 0 60523 56439 
a 442 164 0 39765 70799 
a 668 442 0 80279 54885 
a 443 471 0 54701 18528 
a 294 443 0 20227 93754 
a 444 304 0 7103 40557 
a 403 444 0 55123 71517 
a 445 39 0 38287 51199 
a 82 445 0 4399 41007 
a 446 302 0 47269 11942 
a 151 446 0 9883 74128 
a 447 5 0 8741 48402 
a 381 447 0 64971 39916 
a 448 119 0 82988 63298 
a 111 448 0 5063 47454 
a 449 319 0 71451 23109 
a 280 449 0 37060 46633 
a 450 626 0 99015 90439 
a 976 450 0 93946 6164 
a 451 370 0 94458 31034 
a 693 451 0 9043 18120 
a 452 286 0 18838 60354 
a 816 452 0 89441 47470 
a 453 652 0 95721 8020 
a 476 453 0 13751 42570 
a 454 119 0 83596 85609 
a 280 454 0 88272 49917 
a 455 389 0 49477 91023 
a 955 455 0 87966 46913 
a 456 622 0 86219 20350 
a 80 456 0 85146 61677 
a 457 254 0 65057 97229 
a 507 457 0 31891 54744 
a 458 469 0 16671 90358 
a 685 458 0 34385 28142 
a 459 291 0 40850 33810 
a 987 459 0 11569 4981 
a 460 597 0 42306 31705 
a 507 460 0 41374 75451 
a 461 859 0 26274 42684 
a 884 461 0 45534 92940 
a 462 406 0 86653 24421 
a 223 462 0 69415 70206 
a 463 614 0 94078 55336 
a 975 463 0 54765 27422 
a 464 814 0 72299 35840 
a 413 464 0 61953 53131 
a 465 146 0 90613 76520 
a 2 465 0 1902 49355 
a 466 474 0 61883 91511 
a 711 466 0 18326 19006 
a 467 779 0 73212 21967 
a 85 467 0 13481 67556 
a 468 451 0 4140 45717 
a 453 468 0 40481 20915 
a 469 696 0 89991 72583 
a 914 469 0 46692 96640 
a 470 502 0 69331 46720 
a 575 470 0 35430 83768 
a 471 979 0 10407 49871 
a 755 471 0 967 40956 
a 472 154 0 25769 69204 
a 639 472 0 15250 51013 
a 473 413 0 75117 67439 
a 48 473 0 73065 39869 
a 474 161 0 63196 95339 
a 280 474 0 64554 76549 
a 475 68 0 25166 29535 
a 461 475 0 42678 55570 
a 476 448 0 41857 61172 
a 699 476 0 30579 38652 
a 477 457 0 65519 67080 
a 175 477 0 51819 49981 
a 478 240 0 31928 83407 
a 795 478 0 49032 58287 
a 479 569 0 62317 66987 
a 502 479 0 95142 15896 
a 480 869 0 85604 47133 
a 816 480 0 20144 74958 
a 481 680 0 11214 33599 
a 674 481 0 77241 26279 
a 482 560 0 44257 63824 
a 582 482 0 43918 80063 
a 483 635 0 13374 48552 
a 238 483 0 65954 70132 
a 484 752 0 51663 14397 
a 283 484 0 66313 52040 
a 485 375 0 72333 73552 
a 507 485 0 94453 2467 
a 486 897 0 8739 29805 
a 797 486 0 63353 37041 
a 487 942 0 68493 80580 
a 382 487 0 48023 47048 
a 488 988 0 38604 54377 
a 589 488 0 37215 91778 
a 489 766 0 66498 36517 
a 468 489 0 39817 24457 
a 490 777 0 17126 99698 
a 435 490 0 35972 56088 
a 491 878 0 75586 9603 
a 317 491 0 1631 4033 
a 492 937 0 83597 61602 
a 899 492 0 60421 66860 
a 493 174 0 74040 78603 
a 143 493 0 26040 88842 
a 494 598 0 59547 13883 
a 223 494 0 40557 13634 
a 495 206 0 59464 91761 
a 953 495 0 22639 79367 
a 496 259 0 38071 51361 
a 826 496 0 58611 81558 
a 497 95 0 28386 51166 
a 518 497 0 38104 38445 
a 498 259 0 39038 65478 
a 109 498 0 52822 27649 
a 499 513 0 76990 53073 
a 504 499 0 24350 10200 
a 500 507 0 71134 48631 
a 764 500 0 48482 512 
a 501 644 0 53011 39979 
a 537 501 0 74994 65743 
a 502 232 0 74378 32013 
a 167 502 0 52298 86880 
a 503 182 0 54278 64273 
a 521 503 0 34047 43076 
a 504 64 0 97365 26033 
a 907 504 0 89400 56470 
a 505 775 0 37305 4394 
a 866 505 0 75412 76234 
a 506 929 0 63493 4991 
a 716 506 0 15708 71578 
a 507 500 0 68832 45433 
a 801 507 0 63169 26038 
a 508 292 0 7352 28020 
a 420 508 0 62947 32511 
a 509 613 0 71557 49739 
a 847 509 0 3270 11975 
a 510 165 0 84878 28441 
a 395 510 0 60062 82964 
a 511 612 0 3321 16464 
a 230 511 0 52341 30417 
a 512 675 0 32955 12375 
a 13 512 0 68482 655 
a 513 877 0 85927 9241 
a 97 513 0 40727 30516 
a 514 610 0 41509 56079 
a 816 514 0 94871 33524 
a 515 578 0 8303 19849 
a 303 515 0 19153 6400 
a 516 219 0 4764 68302 
a 413 516 0 33258 7109 
a 517 970 0 59906 14235 
a 334 517 0 42875 76364 
a 518 287 0 674 19631 
a 316 518 0 98453 56966 
a 519 604 0 68759 61601 
a 943 519 0 47617 29267 
a 520 468 0 56570 32984 
a 8 520 0 58355 24551 
a 521 667 0 87183 93208 
a 918 521 0 48915 70888 
a 522 404 0 53929 68130 
a 144 522 0 48261 75285 
a 523 730 0 73663 45406 
a 388 523 0 53627 42914 
a 524 179 0 943 25481 
a 78 524 0 53833 43905 
a 525 602 0 96189 61435 
a 167 525 0 19744 82185 
a 526 206 0 14076 89666 
a 250 526 0 9451 10884 
a 527 765 0 39101 13336 
a 215 527 0 40554 53863 
a 528 945 0 41066 48160 
a 746 528 0 58025 52003 
a 529 793 0 38792 43526 
a 866 529 0 81370 19004 
a 530 943 0 80606 63133 
a 608 530 0 19621 54038 
a 531 161 0 33605 54249 
a 129 531 0 23253 72402 
a 532 980 0 97034 71588 
a 894 532 0 86731 37303 
a 533 407 0 68693 11146 
a 371 533 0 97391 22153 
a 534 602 0 41472 7864 
a 758 534 0 711 90242 
a 535 720 0 99351 98100 
a 940 535 0 47290 37850 
a 536 668 0 9613 18914 
a 897 536 0 18377 83538 
a 537 709 0 37040 17474 
a 510 537 0 72027 3146 
a 538 688 0 37356 3908 
a 962 538 0 81498 58105 
a 539 596 0 54823 80944 
a 105 539 0 63124 2126 
a 540 606 0 41266 240 
a 120 540 0 90791 50689 
a 541 753 0 35602 68684 
a 934 541 0 97765 2948 
a 542 66 0 94793 44794 
a 67 542 0 25930 46407 
a 543 968 0 3244 41239 
a 445 543 0 32259 79907 
a 544 464 0 22810 16318 
a 636 544 0 64277 4144 
a 545 835 0 17544 90776 
a 763 545 0 8667 13707 
a 546 685 0 36520 58200 
a 801 546 0 33737 48851 
a 547 994 0 56788 93340 
a 61 547 0 44019 4598 
a 548 265 0 94579 54143 
a 678 548 0 94032 36157 
a 549 21 0 22462 27526 
a 296 549 0 81733 23276 
a 550 944 0 1395 87860 
a 869 550 0 10339 76720 
a 551 278 0 19051 18690 
a 125 551 0 7674 57176 
a 552 505 0 63346 34623 
a 774 552 0 52719 28929 
a 553 205 0 25729 42155 
a 176 553 0 44430 6065 
a 554 444 0 51998 72291 
a 794 554 0 92982 83322 
a 555 985 0 47698 19241 
a 86 555 0 55019 59685 
a 556 967 0 40463 44431 
a 500 556 0 51120 35681 
a 557 128 0 22612 91505 
a 736 557 0 96608 94434 
a 558 987 0 15710 82622 
a 17 558 0 69370 79546 
a 559 62 0 45430 90974 
a 904 559 0 43313 46724 
a 560 120 0 42808 90565 
a 184 560 0 21316 5002 
a 561 645 0 44762 97056 
a 353 561 0 39469 22341 
a 562 875 0 94622 92819 
a 289 562 0 33763 17239 
a 563 608 0 603 98187 
a 248 563 0 87638 46745 
a 564 594 0 26136 56788 
a 797 564 0 52703 44560 
a 565 159 0 90802 52093 
a 389 565 0 23150 37371 
a 566 852 0 91049 51021 
a 895 566 0 93534 86361 
a 567 439 0 18812 61325 
a 89 567 0 75281 20288 
a 568 441 0 80244 16279 
a 600 568 0 6420 12955 
a 569 707 0 33672 78615 
a 823 569 0 77647 28513 
a 570 424 0 28719 468 
a 706 570 0 66685 12953 
a 571 184 0 53676 12624 
a 873 571 0 22639 14525 
a 572 710 0 47156 64264 
a 977 572 0 78392 43015 
a 573 493 0 45243 81304 
a 896 573 0 79452 15234 
a 574 743 0 4894 62700 
a 496 574 0 97564 57982 
a 575 928 0 58808 24743 
a 428 575 0 27436 2513 
a 576 238 0 27101 78247 
a 137 576 0 35175 36291 
a 577 902 0 53390 38897 
a 28 577 0 28221 88381 
a 578 855 0 85722 44194 
a 364 578 0 64286 1969 
a 579 385 0 43621 77786 
a 893 579 0 45725 81565 
a 580 126 0 91709 16601 
a 103 580 0 26789 6932 
a 581 184 0 25788 93707 
a 642 581 0 85371 73534 
a 582 561 0 60563 47275 
a 569 582 0 57039 97574 
a 583 232 0 99765 42335 
a 842 583 0 7946 55812 
a 584 382 0 79696 11857 
a 208 584 0 92159 96325 
a 585 835 0 68468 26893 
a 475 585 0 20863 32130 
a 586 557 0 89676 64884 
a 702 586 0 76660 82760 
a 587 63 0 94557 95463 
a 433 587 0 44827 13208 
a 588 528 0 1741 54938 
a 483 588 0 92613 67204 
a 589 213 0 12636 12879 
a 464 589 0 79788 58568 
a 590 770 0 66775 71158 
a 794 590 0 33820 76931 
a 591 685 0 59756 22068 
a 780 591 0 96996 1029 
a 592 130 0 28871 5100 
a 154 592 0 41764 18699 
a 593 571 0 7337 75001 
a 399 593 0 12103 66174 
a 594 627 0 20647 67037 
a 515 594 0 10756 77625 
a 595 29 0 94637 21924 
a 542 595 0 99299 84994 
a 596 571 0 97185 197 
a 956 596 0 59394 36986 
a 597 127 0 2472 4856 
a 347 597 0 48036 4884 
a 598 299 0 20351 17297 
a 857 598 0 87577 2018 
a 599 388 0 5510 61286 
a 812 599 0 16105 81126 
a 600 576 0 80613 83608 
a 996 600 0 23803 7532 
a 601 674 0 5315 7838 
a 247 601 0 78884 7555 
a 602 545 0 56784 80956 
a 818 602 0 33251 75720 
a 603 576 0 32288 3635 
a 794 603 0 96297 80856 
a 604 530 0 59884 71887 
a 36 604 0 30989 50472 
a 605 870 0 50350 37295 
a 831 605 0 21516 1985 
a 606 793 0 22512 5864 
a 958 606 0 90414 68864 
a 607 279 0 45970 99019 
a 143 607 0 12372 94409 
a 608 411 0 83644 56112 
a 132 608 0 79286 82178 
a 609 224 0 4851 85134 
a 762 609 0 4824 60781 
a 610 632 0 76837 81525 
a 622 610 0 5300 18189 
a 611 124 0 1966 92650 
a 744 611 0 93207 35429 
a 612 651 0 70824 81205 
a 953 612 0 31419 85920 
a 613 220 0 60024 37797 
a 154 613 0 83187 2745 
a 614 605 0 90996 56340 
a 452 614 0 85865 83265 
a 615 868 0 78853 27938 
a 112 615 0 37844 3546 
a 616 465 0 91004 45617 
a 566 616 0 61108 38610 
a 617 518 0 44371 19537 
a 346 617 0 95839 10309 
a 618 171 0 60646 34610 
a 191 618 0 74752 28851 
a 619 364 0 86138 55576 
a 772 619 0 72397 14599 
a 620 140 0 81478 8809 
a 81 620 0 68383 89243 
a 621 511 0 42128 29775 
a 763 621 0 51654 87797 
a 622 864 0 49468 74529 
a 787 622 0 99271 3635 
a 623 739 0 87977 18612 
a 33 623 0 83729 80724 
a 624 408 0 16042 85843 
a 164 624 0 46728 17465 
a 625 929 0 5182 38058 
a 57 625 0 26359 54957 
a 626 93 0 88748 11289 
a 378 626 0 7897 98143 
a 627 467 0 62576 63584 
a 465 627 0 32031 54273 
a 628 448 0 31309 47172 
a 229 628 0 5942 18062 
a 629 515 0 11819 28754 
a 417 629 0 13638 49158 
a 630 610 0 3222 29069 
a 946 630 0 22057 11647 
a 631 677 0 99095 29874 
a 122 631 0 9751 20790 
a 632 132 0 41396 27362 
a 953 632 0 97312 58772 
a 633 88 0 49986 88119 
a 952 633 0 72786 98077 
a 634 550 0 63218 2317 
a 167 634 0 23059 39186 
a 635 255 0 25424 93348 
a 124 635 0 76530 56768 
a 636 945 0 31332 78999 
a 704 636 0 52214 44889 
a 637 619 0 86416 98703 
a 444 637 0 63788 22407 
a 638 941 0 77342 20149 
a 379 638 0 57039 5582 
a 639 900 0 61026 86159 
a 651 639 0 58895 57908 
a 640 573 0 13380 87421 
a 507 640 0 31703 94517 
a 641 159 0 26046 50335 
a 474 641 0 55665 35298 
a 642 925 0 38436 98039 
a 546 642 0 75632 23403 
a 643 416 0 99346 82252 
a 652 643 0 59401 92877 
a 644 377 0 58676 88199 
a 335 644 0 92953 83128 
a 645 705 0 68606 93026 
a 994 645 0 35842 21690 
a 646 339 0 18489 68186 
a 645 646 0 36842 36316 
a 647 100 0 43882 27682 
a 696 647 0 72758 46286 
a 648 958 0 79199 2426 
a 698 648 0 8572 55240 
a 649 245 0 31053 45108 
a 831 649 0 37075 6629 
a 650 89 0 75440 24008 
a 50 650 0 69169 28102 
a 651 115 0 51030 6250 
a 334 651 0 56178 82644 
a 652 718 0 32056 24886 
a 855 652 0 26871 24554 
a 653 401 0 25739 29808 
a 345 653 0 34102 56869 
a 654 619 0 86488 75190 
a 258 654 0 52567 30855 
a 655 269 0 71189 64307 
a 143 655 0 47760 90516 
a 656 720 0 49409 67089 
a 380 656 0 35118 91817 
a 657 197 0 64744 45177 
a 570 657 0 44697 4722 
a 658 963 0 58545 47528 
a 586 658 0 92146 53449 
a 659 586 0 27372 73705 
a 276 659 0 70203 52906 
a 660 284 0 63088 70906 
a 318 660 0 83552 1942 
a 661 576 0 774 75929 
a 604 661 0 99229 37097 
a 662 190 0 86894 36538 
a 461 662 0 54795 73358 
a 663 514 0 27694 88961 
a 810 663 0 97434 36084 
a 664 601 0 93059 69200 
a 773 664 0 45673 38603 
a 665 344 0 14311 31202 
a 788 665 0 19064 56083 
a 666 700 0 37889 95355 
a 396 666 0 4987 91259 
a 667 536 0 74613 53599 
a 512 667 0 98991 94653 
a 668 239 0 3351 77358 
a 470 668 0 29828 15522 
a 669 257 0 15418 39656 
a 356 669 0 67317 90124 
a 670 542 0 20693 5923 
a 900 670 0 14047 38545 
a 671 327 0 9667 31467 
a 850 671 0 11039 55579 
a 672 650 0 97919 54024 
a 610 672 0 18560 69118 
a 673 944 0 46655 52516 
a 684 673 0 5468 17048 
a 674 37 0 86591 47810 
a 259 674 0 26987 53015 
a 675 467 0 17742 81455 
a 35 675 0 13895 68230 
a 676 856 0 32141 70611 
a 242 676 0 95476 86933 
a 677 360 0 51005 96327 
a 106 677 0 6254 51628 
a 678 161 0 52328 41174 
a 446 678 0 52809 97435 
a 679 39 0 9473 58649 
a 799 679 0 23725 91164 
a 680 152 0 53226 77303 
a 328 680 0 24586 20435 
a 681 356 0 5531 80136 
a 403 681 0 37017 51298 
a 682 629 0 86187 99506 
a 300 682 0 97716 89550 
a 683 242 0 4453 11330 
a 276 683 0 30832 29460 
a 684 161 0 54816 48287 
a 775 684 0 74085 29337 
a 685 886 0 17665 96718 
a 575 685 0 38339 3868 
a 686 303 0 22215 83712 
a 634 686 0 86231 40324 
a 687 400 0 51239 51557 
a 917 687 0 38490 38852 
a 688 704 0 37368 30846 
a 849 688 0 25507 87446 
a 689 235 0 36621 64154 
a 367 689 0 80307 80720 
a 690 424 0 79008 1956 
a 988 690 0 12534 59801 
a 691 492 0 42957 7247 
a 778 691 0 74776 74708 
a 692 826 0 6674 11706 
a 659 692 0 79962 47388 
a 693 485 0 47322 32736 
a 178 693 0 83144 67962 
a 694 299 0 54905 49360 
a 447 694 0 33603 86928 
a 695 519 0 19386 15693 
a 705 695 0 65152 85125 
a 696 954 0 17929 49694 
a 749 696 0 65841 13185 
a 697 260 0 88600 32615 
a 546 697 0 40223 26420 
a 698 392 0 51188 28273 
a 204 698 0 56817 31068 
a 699 701 0 87943 92425 
a 94 699 0 65775 27945 
a 700 431 0 82270 6263 
a 285 700 0 66940 5696 
a 701 549 0 71078 60008 
a 259 701 0 79611 79070 
a 702 339 0 39098 33248 
a 433 702 0 87729 78607 
a 703 621 0 46845 5079 
a 741 703 0 66589 31457 
a 704 740 0 96515 34841 
a 850 704 0 26374 26366 
a 705 181 0 63225 93986 
a 363 705 0 45323 81664 
a 706 153 0 34960 25213 
a 470 706 0 88500 18195 
a 707 61 0 53991 99651 
a 151 707 0 79212 17863 
a 708 478 0 35103 66240 
a 507 708 0 39929 29484 
a 709 216 0 66524 2009 
a 910 709 0 71353 98800 
a 710 905 0 80648 56543 
a 389 710 0 54302 72608 
a 711 331 0 54736 66034 
a 207 711 0 27459 67275 
a 712 616 0 55780 50495 
a 532 712 0 32732 2326 
a 713 209 0 12497 30334 
a 188 713 0 60311 83563 
a 714 331 0 43918 42778 
a 693 714 0 43556 94090 
a 715 437 0 60721 91179 
a 610 715 0 58052 18075 
a 716 757 0 17593 85520 
a 992 716 0 15093 26103 
a 717 967 0 85522 85313 
a 435 717 0 64166 44120 
a 718 303 0 54746 7745 
a 71 718 0 98384 83225 
a 719 467 0 60318 31522 
a 767 719 0 85655 76914 
a 720 40 0 91081 79875 
a 315 720 0 37373 48522 
a 721 29 0 5957 93309 
a 616 721 0 97074 75289 
a 722 678 0 79919 56629 
a 42 722 0 64014 29018 
a 723 26 0 38992 41488 
a 970 723 0 79810 48453 
a 724 956 0 56266 60699 
a 967 724 0 9491 41068 
a 725 688 0 98015 80595 
a 808 725 0 89713 37080 
a 726 962 0 8455 56272 
a 694 726 0 60110 39819 
a 727 530 0 95008 21925 
a 658 727 0 91716 91107 
a 728 683 0 34179 48507 
a 480 728 0 18351 40778 
a 729 958 0 16146 40066 
a 985 729 0 20766 75625 
a 730 280 0 75289 23540 
a 800 730 0 73123 41075 
a 731 559 0 52435 1283 
a 436 731 0 5961 60664 
a 732 627 0 82078 78075 
a 248 732 0 66064 87297 
a 733 370 0 12401 48986 
a 669 733 0 34383 4630 
a 734 438 0 89760 41084 
a 166 734 0 26723 56613 
a 735 385 0 99250 33099 
a 143 735 0 86431 18560 
a 736 637 0 1412 49024 
a 811 736 0 63222 61435 
a 737 36 0 95277 71201 
a 819 737 0 72434 97634 
a 738 412 0 59013 35117 
a 304 738 0 47281 65276 
a 739 129 0 13621 86079 
a 811 739 0 66551 55920 
a 740 871 0 60784 40997 
a 743 740 0 44800 11219 
a 741 840 0 58023 18382 
a 709 741 0 17296 82849 
a 742 314 0 4314 62067 
a 322 742 0 73045 34172 
a 743 825 0 86059 17581 
a 719 743 0 11875 18161 
a 744 497 0 23750 26442 
a 707 744 0 31448 15588 
a 745 65 0 41180 57842 
a 160 745 0 54652 83259 
a 746 840 0 60576 60030 
a 324 746 0 59330 73675 
a 747 987 0 99161 57741 
a 919 747 0 57717 8026 
a 748 384 0 93298 59067 
a 834 748 0 35960 84432 
a 749 181 0 40324 39334 
a 500 749 0 26448 4863 
a 750 422 0 26045 26913 
a 602 750 0 7492 37517 
a 751 996 0 90002 89799 
a 702 751 0 96111 97361 
a 752 573 0 41173 7899 
a 247 752 0 13658 26573 
a 753 875 0 75554 69984 
a 987 753 0 51668 45643 
a 754 630 0 90131 89984 
a 492 754 0 92824 3934 
a 755 899 0 93036 92329 
a 327 755 0 54869 89741 
a 756 711 0 80938 45665 
a 301 756 0 76215 34566 
a 757 738 0 4207 95112 
a 103 757 0 46973 76764 
a 758 71 0 12797 31246 
a 943 758 0 85760 20761 
a 759 889 0 43448 11149 
a 88 759 0 76780 47285 
a 760 727 0 68778 85848 
a 967 760 0 31121 36882 
a 761 363 0 82577 43192 
a 157 761 0 80534 35966 
a 762 780 0 58660 29666 
a 634 762 0 51892 78770 
a 763 895 0 12451 52615 
a 377 763 0 69263 25518 
a 764 847 0 75498 95299 
a 729 764 0 73550 54039 
a 765 860 0 66156 65566 
a 29 765 0 40515 70812 
a 766 219 0 3182 74698 
a 826 766 0 79261 93218 
a 767 378 0 46854 35786 
a 815 767 0 53832 50115 
a 768 578 0 67043 88675 
a 420 768 0 43800 65679 
a 769 46 0 80917 45762 
a 583 769 0 94708 76596 
a 770 225 0 26803 95906 
a 106 770 0 16293 23703 
a 771 510 0 95514 8631 
a 784 771 0 691 18665 
a 772 549 0 59064 37245 
a 535 772 0 71801 50373 
a 773 795 0 656 69378 
a 367 773 0 59682 90237 
a 774 765 0 95810 40704 
a 741 774 0 10446 46890 
a 775 496 0 24905 23015 
a 829 775 0 86624 19284 
a 776 74 0 73672 97742 
a 793 776 0 60334 99080 
a 777 200 0 27199 33478 
a 592 777 0 86612 27349 
a 778 34 0 96032 16273 
a 496 778 0 16278 15511 
a 779 852 0 55029 74597 
a 317 779 0 64037 25970 
a 780 980 0 23488 86981 
a 61 780 0 10681 26738 
a 781 374 0 91466 34332 
a 171 781 0 6576 84915 
a 782 407 0 37067 92724 
a 529 782 0 92113 90262 
a 783 940 0 85293 47107 
a 573 783 0 75608 58047 
a 784 677 0 79436 94826 
a 130 784 0 68324 14375 
a 785 818 0 73973 4039 
a 660 785 0 60633 76666 
a 786 839 0 80834 42362 
a 294 786 0 26866 18843 
a 787 85 0 27713 55606 
a 324 787 0 92423 77843 
a 788 556 0 44458 41884 
a 382 788 0 62154 6396 
a 789 389 0 83283 70198 
a 408 789 0 69389 22228 
a 790 733 0 68619 64641 
a 341 790 0 32803 58320 
a 791 996 0 21941 60431 
a 797 791 0 93868 46955 
a 792 655 0 55439 48945 
a 958 792 0 28262 64374 
a 793 951 0 30216 88300 
a 980 793 0 73045 74487 
a 794 829 0 25574 17984 
a 388 794 0 6147 93378 
a 795 174 0 73120 22407 
a 113 795 0 44682 67013 
a 796 119 0 70065 92681 
a 755 796 0 49018 39726 
a 797 830 0 94358 43839 
a 66 797 0 96026 42410 
a 798 498 0 10810 48061 
a 200 798 0 95411 93719 
a 799 368 0 29450 90740 
a 826 799 0 58720 95791 
a 800 227 0 64230 76558 
a 353 800 0 99479 73020 
a 801 184 0 97437 40411 
a 551 801 0 60349 48630 
a 802 846 0 54720 67512 
a 487 802 0 27218 78982 
a 803 971 0 1578 57663 
a 446 803 0 69894 53842 
a 804 808 0 68806 47138 
a 877 804 0 76555 57492 
a 805 365 0 75598 81168 
a 219 805 0 88767 52662 
a 806 247 0 83128 4252 
a 372 806 0 21098 19025 
a 807 615 0 20601 78477 
a 661 807 0 58610 20516 
a 808 561 0 12175 34117 
a 745 808 0 91465 18479 
a 809 291 0 79419 13979 
a 752 809 0 2491 71468 
a 810 410 0 70092 94603 
a 831 810 0 78360 91260 
a 811 988 0 35430 42025 
a 667 811 0 6717 61287 
a 812 244 0 6940 87472 
a 370 812 0 33111 59027 
a 813 735 0 26703 45536 
a 151 813 0 28936 39338 
a 814 746 0 87905 53465 
a 65 814 0 55640 44945 
a 815 161 0 63665 84968 
a 569 815 0 75565 30762 
a 816 869 0 25521 26955 
a 994 816 0 58918 4842 
a 817 336 0 88640 36346 
a 587 817 0 92477 68707 
a 818 709 0 33812 6540 
a 790 818 0 31073 84950 
a 819 458 0 32882 73397 
a 214 819 0 20249 57561 
a 820 904 0 50116 7970 
a 152 820 0 40456 49012 
a 821 943 0 4889 67191 
a 841 821 0 65563 2507 
a 822 875 0 8435 19357 
a 149 822 0 40296 84473 
a 823 98 0 81356 27346 
a 26 823 0 68402 38430 
a 824 91 0 57571 43503 
a 545 824 0 83888 48641 
a 825 750 0 97433 18119 
a 58 825 0 8837 87049 
a 826 891 0 624 4420 
a 213 826 0 568 67548 
a 827 492 0 28753 37744 
a 537 827 0 4158 49552 
a 828 806 0 9192 4292 
a 630 828 0 59794 61510 
a 829 416 0 86748 23388 
a 393 829 0 27031 42175 
a 830 942 0 97665 31253 
a 901 830 0 54328 67872 
a 831 243 0 78202 21080 
a 173 831 0 6953 22928 
a 832 919 0 59382 48814 
a 693 832 0 13368 31331 
a 833 165 0 6926 60028 
a 359 833 0 12442 62551 
a 834 190 0 88259 4438 
a 624 834 0 48332 70629 
a 835 466 0 71414 74803 
a 682 835 0 802 35027 
a 836 873 0 75181 10960 
a 867 836 0 84283 34942 
a 837 516 0 68776 93787 
a 240 837 0 39680 50476 
a 838 585 0 58648 11998 
a 997 838 0 21270 78414 
a 839 169 0 88135 35959 
a 150 839 0 72527 13612 
a 840 161 0 71432 96374 
a 256 840 0 45695 93918 
a 841 29 0 31805 44249 
a 851 841 0 14148 56466 
a 842 712 0 99511 80476 
a 629 842 0 1379 11239 
a 843 932 0 60234 7056 
a 41 843 0 17096 86683 
a 844 600 0 13226 8496 
a 145 844 0 73906 26664 
a 845 75 0 17131 40723 
a 179 845 0 62367 89114 
a 846 701 0 42920 4109 
a 231 846 0 16050 53802 
a 847 163 0 59103 96397 
a 965 847 0 64853 74957 
a 848 676 0 18645 42197 
a 203 848 0 84123 74904 
a 849 275 0 23952 22290 
a 3 849 0 84763 50371 
a 850 932 0 34707 43255 
a 130 850 0 87782 820 
a 851 682 0 12803 25330 
a 51 851 0 38834 66086 
a 852 892 0 10546 46712 
a 596 852 0 13580 80822 
a 853 839 0 2166 88979 
a 588 853 0 70953 56376 
a 854 88 0 17968 11981 
a 694 854 0 35094 23187 
a 855 339 0 16496 81909 
a 762 855 0 80726 5028 
a 856 393 0 16222 70176 
a 14 856 0 923 17722 
a 857 587 0 83002 36542 
a 760 857 0 3804 17376 
a 858 213 0 58231 96279 
a 214 858 0 13109 84062 
a 859 779 0 16258 49368 
a 830 859 0 71222 90550 
a 860 196 0 98254 55621 
a 820 860 0 343 88155 
a 861 988 0 78272 4655 
a 368 861 0 51712 72983 
a 862 732 0 79983 62865 
a 393 862 0 16500 74722 
a 863 369 0 72181 8632 
a 654 863 0 54604 82770 
a 864 155 0 18695 62677 
a 838 864 0 80367 98827 
a 865 17 0 26867 37623 
a 30 865 0 68549 11203 
a 866 902 0 7775 33789 
a 812 866 0 27376 15121 
a 867 656 0 41983 6756 
a 36 867 0 58347 986 
a 868 298 0 91993 40468 
a 644 868 0 90478 1423 
a 869 119 0 94597 97756 
a 461 869 0 87636 41103 
a 870 915 0 13035 14371 
a 543 870 0 22406 73544 
a 871 533 0 70945 97733 
a 474 871 0 76379 24693 
a 872 372 0 69610 75376 
a 726 872 0 33969 52625 
a 873 1 0 20279 84608 
a 245 873 0 9849 39949 
a 874 818 0 60004 70985 
a 486 874 0 57101 3616 
a 875 620 0 27994 98537 
a 437 875 0 59311 3801 
a 876 409 0 21288 82348 
a 462 876 0 62446 95129 
a 877 358 0 47167 98092 
a 4 877 0 46632 55806 
a 878 599 0 20880 61215 
a 998 878 0 20652 75139 
a 879 75 0 91152 61577 
a 110 879 0 26567 36475 
a 880 753 0 34283 290 
a 482 880 0 6323 94405 
a 881 43 0 84386 40260 
a 187 881 0 86197 16313 
a 882 189 0 91282 21736 
a 951 882 0 2102 87828 
a 883 353 0 58304 44893 
a 970 883 0 83777 84849 
a 884 403 0 42550 90918 
a 806 884 0 76481 83197 
a 885 496 0 7974 79119 
a 443 885 0 5585 73266 
a 886 735 0 82542 18947 
a 579 886 0 27853 3987 
a 887 57 0 41386 63509 
a 294 887 0 94138 70047 
a 888 586 0 23038 26024 
a 936 888 0 14909 67440 
a 889 589 0 35457 98373 
a 539 889 0 52538 1093 
a 890 335 0 97156 64015 
a 191 890 0 21626 17526 
a 891 248 0 93565 29243 
a 297 891 0 14652 18527 
a 892 335 0 55654 80666 
a 74 892 0 36700 33298 
a 893 301 0 91564 29313 
a 190 893 0 69278 65002 
a 894 472 0 7850 87401 
a 253 894 0 990 92422 
a 895 198 0 19912 32111 
a 985 895 0 67236 21694 
a 896 336 0 37350 29190 
a 666 896 0 92230 65446 
a 897 883 0 25752 5338 
a 852 897 0 25294 81749 
a 898 679 0 59252 58296 
a 261 898 0 59422 53843 
a 899 668 0 32275 84119 
a 116 899 0 70648 20030 
a 900 611 0 69002 67228 
a 578 900 0 86598 41482 
a 901 416 0 44685 95699 
a 639 901 0 68151 12460 
a 902 411 0 94115 21598 
a 403 902 0 89619 99623 
a 903 392 0 28716 35788 
a 737 903 0 12013 31729 
a 904 538 0 96314 56001 
a 486 904 0 23631 6554 
a 905 811 0 84576 63032 
a 878 905 0 90097 52824 
a 906 867 0 73258 9141 
a 152 906 0 82372 18612 
a 907 469 0 6868 87185 
a 741 907 0 86442 13822 
a 908 424 0 83011 5248 
a 341 908 0 93779 55782 
a 909 482 0 69531 49133 
a 618 909 0 43880 21228 
a 910 366 0 10100 62833 
a 678 910 0 85825 55664 
a 911 887 0 58952 48549 
a 682 911 0 79806 71282 
a 912 249 0 25872 78009 
a 211 912 0 99156 59978 
a 913 36 0 82596 25147 
a 470 913 0 23719 90029 
a 914 84 0 76679 85224 
a 302 914 0 32290 50606 
a 915 387 0 43954 60742 
a 713 915 0 13192 16377 
a 916 335 0 86927 14251 
a 295 916 0 4789 62484 
a 917 405 0 16128 45958 
a 603 917 0 56770 59180 
a 918 296 0 58460 7686 
a 139 918 0 34020 533 
a 919 326 0 89566 62844 
a 25 919 0 7913 26745 
a 920 535 0 18203 30984 
a 518 920 0 22817 51541 
a 921 930 0 67447 24075 
a 507 921 0 26670 34775 
a 922 842 0 40016 38012 
a 623 922 0 15491 51076 
a 923 104 0 43035 93106 
a 459 923 0 67121 56227 
a 924 113 0 88901 64019 
a 809 924 0 75906 73714 
a 925 901 0 4422 85637 
a 263 925 0 73935 47859 
a 926 360 0 92839 17681 
a 690 926 0 87684 13061 
a 927 127 0 65915 30304 
a 174 927 0 4180 17437 
a 928 759 0 93715 70916 
a 939 928 0 47623 99242 
a 929 87 0 43679 90440 
a 517 929 0 87955 30969 
a 930 836 0 10058 84345 
a 148 930 0 79750 26037 
a 931 115 0 52976 25185 
a 241 931 0 78914 79368 
a 932 213 0 24247 15958 
a 716 932 0 10746 80019 
a 933 735 0 61605 88967 
a 170 933 0 22259 61371 
a 934 260 0 90770 97350 
a 27 934 0 25188 49657 
a 935 910 0 50169 36262 
a 901 935 0 30641 7016 
a 936 653 0 23046 6109 
a 269 936 0 29731 55028 
a 937 452 0 95096 52404 
a 983 937 0 28482 80844 
a 938 644 0 18945 43146 
a 645 938 0 53246 57702 
a 939 707 0 50530 70647 
a 941 939 0 21668 13073 
a 940 504 0 11798 41935 
a 250 940 0 60549 56623 
a 941 308 0 85223 46499 
a 736 941 0 15111 12113 
a 942 319 0 8570 93404 
a 573 942 0 61775 37803 
a 943 931 0 60289 38893 
a 172 943 0 26450 94197 
a 944 420 0 91509 89384 
a 949 944 0 20078 53943 
a 945 334 0 72529 26842 
a 501 945 0 94593 11653 
a 946 347 0 97684 41507 
a 812 946 0 45116 62495 
a 947 658 0 50223 63009 
a 404 947 0 20111 86151 
a 948 127 0 53289 67067 
a 560 948 0 67999 37019 
a 949 477 0 67627 11757 
a 707 949 0 86816 27617 
a 950 969 0 69401 92774 
a 144 950 0 19830 94195 
a 951 753 0 39386 28852 
a 524 951 0 35335 93325 
a 952 376 0 13392 79334 
a 200 952 0 36854 96833 
a 953 830 0 95091 39513 
a 255 953 0 98205 69987 
a 954 373 0 57791 30362 
a 907 954 0 32218 18073 
a 955 489 0 99887 48030 
a 387 955 0 68849 28711 
a 956 597 0 95685 7960 
a 730 956 0 60441 92571 
a 957 782 0 42296 38875 
a 795 957 0 93844 47810 
a 958 592 0 60648 22243 
a 319 958 0 44540 62486 
a 959 606 0 22250 90256 
a 137 959 0 27809 40333 
a 960 860 0 28540 4655 
a 962 960 0 87179 17770 
a 961 447 0 37965 36316 
a 504 961 0 25053 85546 
a 962 128 0 29713 75004 
a 916 962 0 81718 66754 
a 963 358 0 41136 64753 
a 345 963 0 12349 99466 
a 964 524 0 1372 2867 
a 465 964 0 23352 81807 
a 965 463 0 37595 89258 
a 260 965 0 66723 96984 
a 966 887 0 41818 77399 
a 747 966 0 77057 90524 
a 967 149 0 90856 68880 
a 973 967 0 33372 84656 
a 968 415 0 38644 90510 
a 931 968 0 31334 12370 
a 969 936 0 4765 72758 
a 31 969 0 57515 71145 
a 970 208 0 71731 10674 
a 613 970 0 84103 27807 
a 971 943 0 39094 83562 
a 592 971 0 64416 13631 
a 972 572 0 96143 55253 
a 855 972 0 9930 58058 
a 973 939 0 48508 56877 
a 522 973 0 21643 9782 
a 974 204 0 89104 33661 
a 862 974 0 22273 92031 
a 975 614 0 35634 78413 
a 639 975 0 22937 52626 
a 976 500 0 65651 30915 
a 226 976 0 7917 28184 
a 977 632 0 7520 93728 
a 751 977 0 83496 50745 
a 978 275 0 87989 78441 
a 124 978 0 96241 75993 
a 979 892 0 10660 94611 
a 575 979 0 69885 69461 
a 980 531 0 89894 37260 
a 904 980 0 67649 49136 
a 981 629 0 61883 86808 
a 130 981 0 65748 15485 
a 982 526 0 27799 17092 
a 757 982 0 73306 62627 
a 983 528 0 64300 647 
a 839 983 0 6719 92913 
a 984 197 0 39722 16153 
a 497 984 0 63272 43316 
a 985 807 0 2331 40701 
a 932 985 0 87868 32324 
a 986 882 0 19336 81637 
a 846 986 0 19082 68803 
a 987 687 0 5610 64981 
a 298 987 0 36260 96473 
a 988 619 0 89951 24547 
a 717 988 0 87657 47698 
a 989 292 0 95759 86621 
a 654 989 0 55093 9909 
a 990 33 0 28735 37743 
a 174 990 0 79829 45128 
a 991 497 0 25059 60449 
a 570 991 0 37820 39541 
a 992 697 0 49162 49163 
a 496 992 0 53561 84467 
a 993 832 0 53744 48471 
a 720 993 0 47944 67368 
a 994 817 0 95644 28053 
a 823 994 0 59630 29801 
a 995 20 0 19839 7935 
a 129 995 0 88051 73400 
a 996 382 0 51951 58993 
a 536 996 0 7860 75995 
a 997 261 0 38300 55240 
a 338 997 0 89254 69197 
a 998 431 0 69907 13269 
a 859 998 0 72326 64045 
a 999 747 0 35954 81380 
a 430 999 0 36738 53042 
a 1000 533 0 9738 9922 
a 422 1000 0 12831 60545 
a 160 259 0 18528 92799 
a 795 638 0 77837 63291 
a 482 946 0 51769 20503 
a 1000 451 0 32615 52771 
a 216 890 0 82480 38208 
a 608 27 0 25560 13654 
a 253 969 0 78859 57339 
a 516 849 0 47993 89463 
a 356 751 0 79402 74191 
a 403 372 0 52819 69713 
a 771 253 0 81209 35810 
a 518 573 0 5435 13041 
a 428 235 0 81181 28095 
a 47 441 0 42668 26451 
a 45 563 0 35581 58202 
a 801 841 0 67560 44278 
a 626 433 0 63286 78463 
a 361 497 0 506 2180 
a 631 930 0 68556 52216 
a 291 241 0 40533 81232 
a 580 741 0 251 93338 
a 713 82 0 64454 5101 
a 975 586 0 96171 20696 
a 388 102 0 6176 9327 
a 173 303 0 83551 56368 
a 385 655 0 13600 65896 
a 327 383 0 19740 62177 
a 578 864 0 76380 38569 
a 557 136 0 60697 52969 
a 528 945 0 54212 64843 
a 284 630 0 39184 46985 
a 707 452 0 12384 8955 
a 64 977 0 19386 13826 
a 680 162 0 88991 7003 
a 306 543 0 70201 58698 
a 579 915 0 76519 30048 
a 977 196 0 65524 37986 
a 155 439 0 99437 23953 
a 791 745 0 76608 35690 
a 752 829 0 8968 45769 
a 360 313 0 68959 42812 
a 786 136 0 96407 5627 
a 530 515 0 54168 72563 
a 688 221 0 47141 40395 
a 409 955 0 75749 13063 
a 831 881 0 18952 90736 
a 633 724 0 27251 66196 
a 650 12 0 30244 26793 
a 38 320 0 10788 46376 
a 23 484 0 86502 69317 
a 251 639 0 44638 16212 
a 989 241 0 56598 82908 
a 634 444 0 19626 17393 
a 63 92 0 34477 75905 
a 683 62 0 85814 14597 
a 713 567 0 86315 27505 
a 221 862 0 23309 7822 
a 59 230 0 88411 76862 
a 697 460 0 14059 84259 
a 491 808 0 6885 51198 
a 459 467 0 85062 74682 
a 687 585 0 56656 80355 
a 143 66 0 37685 51282 
a 477 516 0 4269 43772 
a 205 631 0 12651 54007 
a 91 690 0 46752 22520 
a 196 108 0 65724 60643 
a 603 848 0 7065 83812 
a 584 913 0 45246 22271 
a 793 855 0 35538 8321 
a 810 632 0 69425 70160 
a 234 227 0 96334 81669 
a 783 917 0 98616 62796 
a 131 2 0 48081 10615 
a 214 593 0 85854 82430 
a 337 565 0 98653 91753 
a 18 106 0 67479 9414 
a 4 266 0 25505 55938 
a 526 173 0 24958 99530 
a 544 28 0 4988 35196 
a 383 662 0 8852 64649 
a 916 494 0 86797 50541 
a 831 501 0 66393 10247 
a 766 613 0 82949 98885 
a 545 681 0 55202 14681 
a 633 31 0 14661 25176 
a 292 220 0 57468 44588 
a 247 44 0 75019 1880 
a 486 293 0 31247 88356 
a 923 404 0 20512 2151 
a 132 609 0 48510 55363 
a 204 723 0 325 45239 
a 743 505 0 73233 32514 
a 191 800 0 68671 13180 
a 568 170 0 27000 11574 
a 451 757 0 2537 86267 
a 868 848 0 74505 901 
a 1 454 0 64859 21532 
a 31 905 0 36792 13407 
a 637 312 0 11466 3195 
a 51 129 0 6207 78916 
a 765 335 0 39048 26995 
a 245 701 0 93755 63564 
a 18 786 0 10946 41311 
a 123 878 0 86943 91481 
a 118 756 0 77763 57180 
a 16 522 0 34152 54726 
a 881 569 0 30568 56565 
a 389 274 0 214 66282 
a 753 786 0 85903 73675 
a 789 351 0 57100 57896 
a 32 391 0 3861 97646 
a 1 646 0 83480 49654 
a 718 586 0 83163 46559 
a 325 74 0 47430 21388 
a 988 502 0 60478 92566 
a 830 853 0 37646 97375 
a 470 69 0 65140 75798 
a 69 744 0 90273 15244 
a 761 203 0 44983 30754 
a 38 100 0 30834 87633 
a 188 485 0 84186 63049 
a 44 916 0 13709 80820 
a 388 468 0 79801 56679 
a 816 30 0 95241 28437 
a 113 835 0 30107 62355 
a 354 995 0 20796 70329 
a 599 671 0 14926 16020 
a 988 135 0 40924 56723 
a 951 224 0 15771 63293 
a 628 799 0 97320 86091 
a 262 669 0 31949 20400 
a 435 815 0 35339 51445 
a 589 543 0 97702 85041 
a 986 755 0 6584 54267 
a 505 736 0 94996 21684 
a 562 647 0 22465 7890 
a 657 108 0 86756 84927 
a 356 446 0 7565 92834 
a 661 124 0 66148 11886 
a 241 686 0 80329 45503 
a 704 125 0 28929 9932 
a 234 430 0 57770 58566 
a 424 224 0 27924 89671 
a 961 857 0 40780 46478 
a 997 129 0 61407 44703 
a 205 535 0 87127 82805 
a 865 614 0 80401 59487 
a 125 757 0 20313 47380 
a 226 752 0 73907 34554 
a 820 60 0 54217 30755 
a 203 467 0 5555 54329 
a 711 437 0 35806 31067 
a 627 469 0 30407 87003 
a 652 589 0 21200 44095 
a 471 99 0 16396 98168 
a 745 975 0 3961 91183 
a 295 195 0 31335 80340 
a 619 346 0 8746 51660 
a 484 640 0 33481 49040 
a 303 911 0 48306 66468 
a 705 849 0 21296 32746 
a 902 282 0 17308 57963 
a 728 102 0 56374 88827 
a 993 854 0 62574 67177 
a 711 290 0 72411 10484 
a 40 351 0 26061 44317 
a 100 326 0 22641 50736 
a 126 840 0 4282 40856 
a 545 225 0 98362 78676 
a 40 647 0 5837 42328 
a 606 580 0 71950 497 
a 28 241 0 17354 49740 
a 578 992 0 79197 23176 
a 577 355 0 7380 64527 
a 446 801 0 57862 12294 
a 211 302 0 7596 57053 
a 876 332 0 1992 97058 
a 615 704 0 11261 1893 
a 103 748 0 74881 5443 
a 347 622 0 19870 44460 
a 808 533 0 47444 70239 
a 41 368 0 50764 23052 
a 348 543 0 93356 32834 
a 264 144 0 90786 7944 
a 226 578 0 77466 85745 
a 137 992 0 44083 34906 
a 295 394 0 19795 37151 
a 413 462 0 75733 4375 
a 999 173 0 3870 51143 
a 965 809 0 97157 89452 
a 911 462 0 25179 15894 
a 513 531 0 74096 46034 
a 907 782 0 43213 18649 
a 16 511 0 63466 46575 
a 615 158 0 8865 61200 
a 337 76 0 1469 65353 
a 167 54 0 87885 32426 
a 684 840 0 72122 27559 
a 866 354 0 90627 65505 
a 843 275 0 82700 97149 
a 123 263 0 48515 46599 
a 414 576 0 60578 19105 
a 884 278 0 48446 9034 
a 102 540 0 64599 50607 
a 844 648 0 47777 42488 
a 594 863 0 73286 12595 
a 898 78 0 44601 70157 
a 739 446 0 72130 68277 
a 685 775 0 70669 98588 
a 528 80 0 12632 88393 
a 566 325 0 7656 24618 
a 842 136 0 56920 94362 
a 41 302 0 1347 91794 
a 80 675 0 53479 79932 
a 461 954 0 62913 24648 
a 532 772 0 11914 99547 
a 845 786 0 1593 33412 
a 799 672 0 57636 77356 
a 768 391 0 28913 73988 
a 677 830 0 50994 34650 
a 569 384 0 10993 68448 
a 633 786 0 49592 55489 
a 587 884 0 22555 39830 
a 435 327 0 77410 10349 
a 736 613 0 73898 91700 
a 545 335 0 39840 35892 
a 483 268 0 40429 67691 
a 591 286 0 89830 25255 
a 234 521 0 23259 59175 
a 625 395 0 7118 17771 
a 183 699 0 8914 90244 
a 895 999 0 99848 89600 
a 932 901 0 76400 98333 
a 522 884 0 75891 37501 
a 561 84 0 20651 46113 
a 862 920 0 59779 16794 
a 383 444 0 22822 45685 
a 277 526 0 50413 41549 
a 308 224 0 99940 49647 
a 730 242 0 24567 80140 
a 618 941 0 9096 65256 
a 907 870 0 91688 82527 
a 926 923 0 64660 77702 
a 548 479 0 96628 56940 
a 319 922 0 50947 26427 
a 290 827 0 48654 73181 
a 949 566 0 77276 64426 
a 583 620 0 27468 7284 
a 872 354 0 27586 44677 
a 214 393 0 79941 58049 
a 528 913 0 2521 20080 
a 520 668 0 74896 59783 
a 82 294 0 38382 13736 
a 656 523 0 27496 87573 
a 778 130 0 14328 14904 
a 158 632 0 39660 1497 
a 565 602 0 26950 82662 
a 625 327 0 28435 4419 
a 533 287 0 19586 94042 
a 544 297 0 30337 94340 
a 88 109 0 2718 56371 
a 152 40 0 76436 76780 
a 400 851 0 91301 14542 
a 776 319 0 30310 65223 
a 371 864 0 15081 23116 
a 259 457 0 68993 38425 
a 257 912 0 28747 20452 
a 916 480 0 65642 42194 
a 134 346 0 60189 37445 
a 994 774 0 1884 20249 
a 591 152 0 87175 97020 
a 719 162 0 97702 33849 
a 388 749 0 25467 12154 
a 854 21 0 97148 83111 
a 326 805 0 44655 70023 
a 150 355 0 89345 74280 
a 265 751 0 1939 97739 
a 184 536 0 75931 86701 
a 20 126 0 98649 41223 
a 877 764 0 18493 80812 
a 878 361 0 19430 52871 
a 388 166 0 12509 54226 
a 590 103 0 9871 75994 
a 213 846 0 37935 96814 
a 7 755 0 84733 34413 
a 22 144 0 30821 17656 
a 961 436 0 36024 84105 
a 201 814 0 5177 16840 
a 615 208 0 27812 60487 
a 115 815 0 29842 53319 
a 262 19 0 22990 59695 
a 812 960 0 31170 16358 
a 461 503 0 86122 25108 
a 292 685 0 49128 42595 
a 496 443 0 46050 71450 
a 451 835 0 21746 33347 
a 350 465 0 82123 67903 
a 532 441 0 10846 17476 
a 800 266 0 18710 18997 
a 234 118 0 10589 74024 
a 758 470 0 74067 27433 
a 638 930 0 99637 75768 
a 704 53 0 11718 96526 
a 747 229 0 7562 39954 
a 887 82 0 85135 31627 
a 771 250 0 66630 75689 
a 32 452 0 49846 29665 
a 232 19 0 11234 98827 
a 385 182 0 41005 3848 
a 597 415 0 68927 44636 
a 336 788 0 79010 76620 
a 421 87 0 59423 46158 
a 276 232 0 70929 88107 
a 916 283 0 80905 61879 
a 11 953 0 21315 9589 
a 465 546 0 16576 30171 
a 862 531 0 52384 21935 
a 822 678 0 38651 99959 
a 484 579 0 60601 17475 
a 670 306 0 21842 37145 
a 609 619 0 4403 10443 
a 748 915 0 3863 34547 
a 117 754 0 26060 95912 
a 992 196 0 46632 59477 
a 297 187 0 59633 80060 
a 973 154 0 58535 57525 
a 732 784 0 66515 15611 
a 508 473 0 35521 93733 
a 946 128 0 70223 15498 
a 413 277 0 66774 53073 
a 885 761 0 32929 85052 
a 307 558 0 29302 40954 
a 294 613 0 27602 8426 
a 791 240 0 65059 21509 
a 299 924 0 11730 48535 
a 521 46 0 94033 6469 
a 839 318 0 1236 71396 
a 514 78 0 67276 60655 
a 88 92 0 76516 85602 
a 439 316 0 4897 21508 
a 724 172 0 26441 95517 
a 835 11 0 95860 39493 
a 673 647 0 50741 2849 
a 924 312 0 58705 33851 
a 974 273 0 96326 55408 
a 137 343 0 75372 23884 
a 540 839 0 98940 34139 
a 585 294 0 13875 39796 
a 866 832 0 37944 89932 
a 414 95 0 49829 39103 
a 222 410 0 89077 90243 
a 410 642 0 81703 54708 
a 435 289 0 77735 12235 
a 294 559 0 10133 78966 
a 155 794 0 93596 23906 
a 813 28 0 17776 44414 
a 408 971 0 26336 27607 
a 173 220 0 42909 96307 
a 310 388 0 21761 1377 
a 315 512 0 87324 64706 
a 65 921 0 37829 62674 
a 296 734 0 37095 34579 
a 731 662 0 841 96394 
a 300 385 0 3370 81229 
a 808 783 0 23521 34437 
a 873 906 0 9602 85338 
a 387 101 0 48740 47661 
a 568 829 0 61487 67003 
a 455 866 0 25318 12684 
a 551 858 0 36372 81376 
a 976 235 0 5643 45815 
a 629 705 0 19995 99858 
a 524 770 0 78779 54275 
a 837 828 0 176 60271 
a 573 268 0 17251 40917 
a 954 33 0 99430 7041 
a 37 200 0 20931 12831 
a 289 915 0 58122 27553 
a 45 872 0 86462 63497 
a 989 2 0 29270 60057 
a 846 230 0 52330 57273 
a 336 236 0 18228 23143 
a 382 412 0 60940 16788 
a 479 617 0 1481 79524 
a 464 526 0 18135 70727 
a 530 488 0 24479 69810 
a 986 705 0 32959 30221 
a 610 131 0 72553 12917 
a 528 969 0 43960 7651 
a 632 861 0 94233 2965 
a 504 472 0 60940 17993 
a 616 878 0 11274 9073 
a 92 998 0 98301 5304 
a 934 978 0 90426 73237 
a 411 296 0 43408 21018 
a 71 20 0 70799 5861 
a 730 948 0 98841 30425 
a 113 755 0 37704 98538 
a 788 983 0 60887 39077 
a 441 195 0 8882 9330 
a 692 380 0 48341 11754 
a 810 220 0 52321 27036 
a 201 936 0 75420 3275 
a 294 539 0 86143 87879 
a 652 715 0 70543 32600 
a 369 412 0 20585 508 
a 219 436 0 78732 9515 
a 745 800 0 89628 33403 
a 672 718 0 49589 66655 
a 435 707 0 85606 32515 
a 305 35 0 5038 58695 
a 937 534 0 53939 66362 
a 270 644 0 1484 65244 
a 342 202 0 27121 40856 
a 84 459 0 49532 74323 
a 639 772 0 86731 71240 
a 80 312 0 29237 48943 
a 9 442 0 98756 25652 
a 720 586 0 93268 25972 
a 689 541 0 97787 91836 
a 801 533 0 23802 15014 
a 579 753 0 94235 65090 
a 352 825 0 50327 86898 
a 832 733 0 54679 59203 
a 179 815 0 19224 39202 
a 409 163 0 12116 16076 
a 945 73 0 2333 1301 
a 222 515 0 14737 47731 
a 951 125 0 65978 6637 
a 760 198 0 78129 59104 
a 405 57 0 62501 41581 
a 230 13 0 91476 85261 
a 395 610 0 37263 4594 
a 236 872 0 29551 65075 
a 625 748 0 40703 86808 
a 923 555 0 39245 64879 
a 213 218 0 97204 15742 
a 347 868 0 1848 60258 
a 472 493 0 10394 87539 
a 546 944 0 20472 81888 
a 681 642 0 77923 49933 
a 410 587 0 45768 32220 
a 289 82 0 47879 88110 
a 4 491 0 32468 83797 
a 854 863 0 73678 8657 
a 414 904 0 14337 77122 
a 321 156 0 14627 13041 
a 567 775 0 95726 46266 
a 880 830 0 85281 1308 
a 695 744 0 84210 13765 
a 750 605 0 78340 49202 
a 302 361 0 30689 12861 
a 735 59 0 72989 57411 
a 552 802 0 833 14787 
a 257 882 0 93471 80380 
a 959 935 0 74920 61529 
a 916 197 0 1081 3934 
a 156 30 0 61866 30390 
a 299 378 0 86906 55878 
a 303 589 0 17645 85682 
a 897 819 0 82312 1842 
a 367 716 0 78329 4997 
a 508 282 0 19502 99801 
a 139 234 0 53605 2771 
a 402 11 0 55467 61024 
a 326 271 0 77907 12221 
a 912 577 0 19189 92661 
a 496 341 0 83187 28251 
a 793 506 0 54188 77729 
a 934 62 0 39884 58545 
a 881 85 0 6338 81941 
a 739 511 0 10772 77821 
a 122 426 0 50309 63673 
a 576 888 0 76153 31100 
a 985 720 0 57107 3263 
a 566 579 0 18264 85839 
a 659 904 0 79877 60930 
a 714 954 0 97750 89929 
a 194 362 0 75447 18795 
a 152 221 0 15750 52783 
a 922 123 0 85085 61765 
a 197 428 0 31372 30135 
a 80 11 0 69495 4547 
a 915 308 0 96239 59677 
a 542 561 0 30293 77548 
a 422 947 0 75331 64287 
a 969 126 0 53041 43185 
a 651 456 0 46440 12342 
a 487 467 0 75365 25883 
a 684 650 0 9394 507 
a 196 320 0 17778 4014 
a 17 509 0 90530 3391 
a 460 873 0 14513 30100 
a 356 599 0 97969 16583 
a 904 812 0 47040 16760 
a 605 923 0 68864 4835 
a 518 651 0 13852 50245 
a 733 683 0 51072 55546 
a 58 295 0 66729 70803 
a 102 270 0 78580 29207 
a 212 427 0 5870 89712 
a 681 348 0 32561 93067 
a 602 139 0 54126 96494 
a 260 347 0 28054 22087 
a 800 361 0 24017 46654 
a 436 753 0 30052 52075 
a 926 88 0 50308 10201 
a 676 597 0 82156 73921 
a 333 100 0 85616 4322 
a 172 207 0 26001 65000 
a 84 845 0 46858 29716 
a 615 826 0 264 64018 
a 666 431 0 56301 79459 
a 198 969 0 34385 9008 
a 422 230 0 42573 91678 
a 368 434 0 93977 74634 
a 693 407 0 54173 72904 
a 909 776 0 92450 64642 
a 558 804 0 90882 27642 
a 877 627 0 56508 38007 
a 356 11 0 76903 91536 
a 839 683 0 21962 73234 
a 877 120 0 83671 80432 
a 618 356 0 40666 4255 
a 238 606 0 59952 35704 
a 437 70 0 99436 93509 
a 971 24 0 42210 67433 
a 991 915 0 87432 43025 
a 770 737 0 99143 71284 
a 428 912 0 99775 82743 
a 701 649 0 10910 22447 
a 683 467 0 32035 16765 
a 381 55 0 95759 30496 
a 877 661 0 2783 52890 
a 814 22 0 74578 72764 
a 764 932 0 39511 88539 
a 113 399 0 7399 10634 
a 304 329 0 77010 77040 
a 267 449 0 44908 33078 
a 490 982 0 46693 52250 
a 529 326 0 12770 64843 
a 492 638 0 80364 46636 
a 716 73 0 86883 22906 
a 59 114 0 12570 98175 
a 938 621 0 23632 4078 
a 814 315 0 41967 4805 
a 817 279 0 80814 39134 
a 809 5 0 3991 51700 
a 265 571 0 2096 54393 
a 223 887 0 14685 6214 
a 289 849 0 40699 40333 
a 582 652 0 68642 48147 
a 86 41 0 66479 38706 
a 256 585 0 12806 78835 
a 890 30 0 34620 24496 
a 268 991 0 72282 31573 
a 666 640 0 93914 77167 
a 662 180 0 74299 88017 
a 757 926 0 77872 6830 
a 740 988 0 2146 90456 
a 11 496 0 52928 25273 
a 527 876 0 12126 28239 
a 765 867 0 94536 29235 
a 691 411 0 63521 68123 
a 270 456 0 24183 93884 
a 1000 586 0 44043 92955 
a 844 676 0 68187 58131 
a 92 761 0 21398 10851 
a 11 708 0 92578 20261 
a 985 201 0 15363 97907 
a 425 991 0 27455 52253 
a 275 96 0 64189 41494 
a 186 144 0 18937 84285 
a 423 698 0 54108 58301 
a 439 37 0 37123 7067 
a 872 688 0 91446 71557 
a 841 977 0 24460 88978 
a 6 173 0 23030 45241 
a 547 541 0 90491 7441 
a 95 782 0 52539 89584 
a 849 409 0 46157 49487 
a 465 173 0 57934 71804 
a 527 660 0 23677 45222 
a 103 887 0 88241 88768 
a 238 379 0 46458 59656 
a 761 890 0 6769 84151 
a 997 117 0 97595 83345 
a 441 344 0 52184 21666 
a 916 676 0 85217 30338 
a 824 94 0 8933 58069 
a 889 935 0 18272 73122 
a 786 145 0 14126 94905 
a 820 963 0 87289 18574 
a 687 890 0 79246 26320 
a 361 434 0 91250 56359 
a 492 213 0 71996 41784 
a 818 476 0 63912 91799 
a 126 642 0 86047 87206 
a 72 402 0 30738 8922 
a 675 626 0 24658 35643 
a 895 457 0 71071 96194 
a 181 674 0 37864 69728 
a 985 603 0 69245 7421 
a 816 502 0 82350 31909 
a 439 590 0 13064 23340 
a 156 588 0 18120 55737 
a 134 29 0 38379 25619 
a 132 519 0 16760 51698 
a 658 976 0 24469 94311 
a 983 292 0 32308 84454 
a 34 548 0 16526 92237 
a 202 301 0 77682 44862 
a 454 448 0 88707 5343 
a 36 101 0 57114 89776 
a 645 881 0 64108 66776 
a 567 125 0 28201 95385 
a 283 233 0 76417 4222 
a 782 493 0 5919 45727 
a 81 41 0 92123 15008 
a 331 687 0 75384 57002 
a 808 279 0 11842 91532 
a 869 374 0 50143 20470 
a 477 663 0 34670 90766 
a 955 894 0 98397 31941 
a 410 753 0 417 65907 
a 518 953 0 60891 64256 
a 703 876 0 21162 55685 
a 773 905 0 1026 30680 
a 833 515 0 75783 57413 
a 334 564 0 60335 81708 
a 841 635 0 68935 93527 
a 940 893 0 40548 75605 
a 531 594 0 49416 18228 
a 896 52 0 97305 63822 
a 603 664 0 41946 731 
a 816 253 0 9900 36460 
a 517 951 0 71073 64727 
a 741 547 0 86530 80092 
a 116 423 0 46275 59835 
a 17 224 0 75103 10481 
a 758 72 0 33269 90144 
a 606 736 0 75984 56130 
a 753 765 0 58122 27400 
a 628 154 0 94900 85105 
a 417 160 0 77977 91926 
a 42 992 0 31798 87182 
a 930 188 0 5015 93091 
a 303 877 0 74547 46146 
a 502 986 0 88764 82939 
a 753 929 0 55177 62935 
a 51 840 0 45920 91537 
a 256 921 0 30725 19325 
a 712 655 0 76557 80657 
a 298 256 0 70789 3995 
a 20 693 0 20964 73628 
a 376 530 0 69520 58043 
a 535 850 0 92246 93469 
a 986 21 0 51072 35430 
a 2 540 0 66475 68884 
a 947 710 0 4414 15298 
a 902 314 0 24329 48266 
a 108 582 0 65911 47778 
a 357 733 0 16027 95528 
a 716 784 0 66266 62623 
a 946 628 0 64799 28420 
a 844 921 0 72142 20896 
a 918 816 0 33224 99916 
a 309 168 0 82205 43949 
a 658 552 0 51483 16320 
a 484 129 0 82335 11048 
a 46 459 0 46888 31957 
a 209 347 0 25409 77266 
a 505 473 0 20021 59589 
a 800 176 0 77309 26625 
a 134 367 0 84386 88172 
a 804 272 0 62723 41998 
a 304 750 0 23703 5135 
a 699 307 0 51828 42886 
a 487 64 0 23778 79017 
a 242 651 0 52052 14956 
a 901 971 0 4366 70169 
a 520 654 0 7942 31102 
a 750 709 0 10507 2126 
a 66 856 0 66502 42777 
a 457 439 0 22542 44331 
a 578 932 0 35414 2511 
a 315 365 0 9316 28110 
a 885 418 0 47210 63734 
a 394 386 0 80074 42067 
a 825 294 0 43689 92456 
a 384 375 0 87104 30551 
a 560 335 0 11823 16806 
a 300 735 0 93395 49397 
a 749 704 0 34868 35111 
a 602 752 0 47433 16825 
a 643 664 0 70572 905 
a 347 412 0 675 34216 
a 856 429 0 32124 4177 
a 453 750 0 62367 41414 
a 65 117 0 26896 72138 
a 10 528 0 11039 14268 
a 361 487 0 3029 19941 
a 832 21 0 72371 8328 
a 298 643 0 64584 92016 
a 162 928 0 29065 1924 
a 955 163 0 42232 48095 
a 471 23 0 49951 94283 
a 495 204 0 48355 64472 
a 821 930 0 12751 69928 
a 745 920 0 2949 40690 
a 148 582 0 47759 49283 
a 332 234 0 89869 24604 
a 109 256 0 48171 7222 
a 749 328 0 91718 94632 
a 858 779 0 76844 56241 
a 550 489 0 56089 67024 
a 237 467 0 49010 59017 
a 541 836 0 65866 28106 
a 360 555 0 85773 56275 
a 432 271 0 21968 26699 
a 540 421 0 14188 70235 
a 934 497 0 98148 309 
a 786 715 0 36309 71330 
a 699 245 0 94402 50177 
a 890 539 0 1774 76463 
a 780 997 0 98008 24897 
a 234 230 0 96363 80758 
a 574 314 0 59413 20100 
a 13 924 0 2393 11572 
a 282 567 0 3913 52528 
a 525 986 0 95909 33500 
a 991 297 0 29499 20879 
a 539 616 0 20333 26124 
a 418 653 0 86221 22891 
a 540 421 0 16574 2512 
a 193 354 0 93126 58421 
a 800 505 0 95542 35724 
a 335 412 0 25024 11616 
a 824 675 0 10608 13075 
a 208 400 0 93296 71822 
a 716 706 0 24743 43446 
a 839 410 0 52430 22458 
a 377 191 0 69928 1623 
a 935 974 0 87149 99886 
a 288 421 0 64839 5480 
a 327 96 0 73734 133 
a 804 904 0 90949 86742 
a 839 290 0 63566 90380 
a 516 567 0 26839 34140 
a 800 916 0 6924 64211 
a 263 455 0 5897 58970 
a 484 435 0 20699 64911 
a 787 725 0 93490 57365 
a 793 157 0 4990 89449 
a 870 59 0 76314 21044 
a 394 943 0 30410 77312 
a 32 171 0 18823 78872 
a 349 865 0 50472 82956 
a 499 966 0 69450 35234 
a 984 218 0 41552 28434 
a 216 44 0 92827 8081 
a 402 454 0 36713 33583 
a 147 655 0 63258 59400 
a 545 519 0 99053 25230 
a 934 927 0 79431 53969 
a 180 817 0 75265 33922 
a 295 179 0 50675 78421 
a 527 498 0 80756 97020 
a 198 370 0 61021 1978 
a 485 85 0 93902 312 
a 932 324 0 38921 62631 
a 601 492 0 78969 6838 
a 689 159 0 47680 18140 
a 969 333 0 14690 41245 
a 175 489 0 64483 9900 
a 240 60 0 78672 20732 
a 40 345 0 34361 49530 
a 777 868 0 26572 49542 
a 665 438 0 69524 53009 
a 816 479 0 9342 22933 
a 937 333 0 14192 15216 
a 147 927 0 91922 18727 
a 146 357 0 10389 38954 
a 439 165 0 72344 89760 
a 110 559 0 81119 6829 
a 862 888 0 51514 8945 
a 925 851 0 93934 11817 
a 30 260 0 70842 60168 
a 493 540 0 80094 42899 
a 638 339 0 17362 12856 
a 132 807 0 62370 55854 
a 376 843 0 94191 65822 
a 114 342 0 87993 46099 
a 830 611 0 67892 96864 
a 939 279 0 72318 80428 
a 136 485 0 33741 8588 
a 515 734 0 33500 37535 
a 59 613 0 84884 18091 
a 192 803 0 38804 53441 
a 59 141 0 32038 98333 
a 757 575 0 89122 67222 
a 633 68 0 96655 42479 
a 111 806 0 39862 14896 
a 884 574 0 92348 88927 
a 298 222 0 93569 24895 
a 864 506 0 16921 14413 
a 991 11 0 2483 27230 
a 665 807 0 468 75331 
a 310 983 0 87686 278 
a 656 600 0 93793 53249 
a 78 17 0 15582 44066 
a 520 312 0 35780 39669 
a 223 909 0 72142 86976 
a 961 702 0 8377 77147 
a 51 433 0 40710 4019 
a 23 912 0 73497 59174 
a 560 456 0 20084 49104 
a 991 671 0 87405 79601 
a 776 263 0 16202 81197 
a 748 627 0 5054 13883 
a 347 801 0 2954 94818 
a 271 346 0 19369 9040 
a 268 421 0 75466 49032 
a 686 918 0 28594 57005 
a 666 855 0 12680 25869 
a 920 251 0 88608 26908 
a 31 553 0 25117 39102 
a 533 72 0 86513 35812 
a 140 249 0 88428 57333 
a 755 396 0 66792 44611 
a 200 574 0 53661 1555 
a 86 687 0 52008 75979 
a 403 831 0 81142 26658 
a 101 258 0 26269 64710 
a 169 573 0 66430 98804 
a 231 487 0 91577 67237 
a 862 463 0 14047 36153 
a 393 293 0 64716 76768 
a 621 9 0 67466 89109 
a 268 931 0 55441 13252 
a 296 148 0 22348 98083 
a 966 578 0 55560 83220 
a 144 340 0 34071 81708 
a 552 356 0 72822 33600 
a 90 772 0 80301 76492 
a 618 438 0 63609 55685 
a 850 516 0 54711 70122 
a 703 601 0 54040 30745 
a 163 5 0 48877 44900 
a 825 137 0 90354 47081 
a 686 978 0 25989 75283 
a 854 359 0 26386 59899 
a 885 133 0 2215 4024 
a 716 1000 0 38394 9951 
a 345 85 0 29378 55126 
a 692 719 0 55715 64666 
a 536 867 0 16070 28644 
a 173 552 0 9436 96395 
a 971 127 0 33428 62272 
a 273 611 0 30711 66346 
a 106 406 0 26454 37777 
a 670 526 0 75324 39976 
a 69 322 0 92153 56469 
a 846 154 0 11794 19803 
a 489 297 0 91680 7281 
a 709 839 0 86549 45020 
a 305 481 0 35277 3402 
a 183 93 0 71600 73784 
a 369 871 0 16005 69042 
a 974 878 0 7693 33674 
a 121 229 0 71077 16538 
a 146 836 0 79001 98574 
a 353 293 0 18088 65877 
a 560 697 0 94265 26129 
a 334 952 0 47498 23623 
a 483 777 0 3614 68883 
a 148 508 0 52441 56299 
a 894 978 0 50372 54399 
a 148 880 0 42257 64499 
a 89 912 0 42757 14855 
a 830 627 0 17110 88280 
a 210 846 0 31690 35032 
a 268 966 0 77635 51854 
a 224 941 0 97791 79088 
a 520 525 0 5757 86156 
a 692 881 0 83177 51159 
a 12 464 0 80663 51560 
a 417 346 0 51821 42561 
a 997 694 0 87370 19816 
a 643 945 0 25990 19270 
a 630 385 0 34400 64248 
a 63 171 0 25692 7344 
a 63 642 0 21790 50306 
a 305 648 0 33057 41089 
a 234 212 0 91008 14737 
a 925 454 0 14247 49005 
a 710 355 0 44262 71005 
a 182 567 0 57749 65971 
a 19 563 0 42335 80977 
a 53 565 0 29783 76579 
a 385 629 0 77216 88497 
a 981 553 0 5118 14184 
a 709 697 0 68694 19145 
a 849 890 0 4680 63011 
a 901 291 0 52479 12292 
a 544 741 0 60150 36474 
a 395 23 0 11555 66521 
a 259 617 0 30134 33952 
a 808 600 0 52120 47525 
a 371 90 0 12474 10313 
a 189 25 0 40847 28803 
a 344 565 0 32969 27800 
a 262 363 0 1130 9789 
a 602 567 0 41998 98212 
a 386 270 0 12569 83484 
a 711 300 0 17455 64877 
a 694 554 0 70150 6228 
a 580 312 0 54918 18484 
a 32 391 0 37425 55950 
a 537 9 0 24118 88639 
a 839 465 0 71430 52038 
a 344 391 0 84550 3868 
a 109 229 0 6174 49920 
a 189 836 0 82458 66799 
a 912 679 0 56247 16514 
a 675 974 0 96437 48381 
a 725 523 0 42405 38886 
a 662 682 0 59561 65259 
a 2 396 0 46967 17788 
a 555 47 0 62193 67798 
a 17 816 0 78437 50178 
a 336 661 0 31541 32746 
a 954 903 0 61956 10389 
a 150 996 0 91535 24166 
a 673 500 0 75049 98314 
a 782 713 0 29762 59031 
a 327 221 0 16555 34783 
a 691 668 0 36939 89709 
a 258 131 0 30744 49255 
a 608 75 0 38811 94638 
a 193 204 0 8307 23010 
a 844 749 0 10403 50550 
a 764 455 0 51246 22217 
a 588 594 0 48151 44915 
a 858 647 0 19652 79578 
a 467 564 0 76747 75613 
a 64 785 0 74936 60678 
a 553 97 0 84428 76372 
a 785 167 0 96283 81748 
a 822 646 0 12907 1119 
a 194 649 0 74934 29228 
a 787 305 0 76376 98172 
a 276 900 0 84370 68351 
a 655 663 0 47685 6043 
a 645 859 0 83518 17886 
a 921 993 0 29274 6663 
a 720 303 0 34860 11273 
a 710 561 0 21402 78941 
a 70 428 0 9601 60540 
a 558 386 0 10900 5843 
a 450 597 0 8051 88754 
a 581 19 0 29905 1533 
a 117 980 0 44948 99142 
a 112 9 0 75960 41654 
a 512 618 0 36634 4646 
a 986 554 0 42383 99423 
a 277 563 0 79859 50308 
a 610 451 0 80910 12988 
a 896 140 0 30432 22757 
a 837 888 0 7454 35366 
a 944 42 0 74003 55949 
a 445 792 0 66155 47296 
a 36 933 0 31010 10436 
a 731 418 0 86957 45447 
a 116 459 0 53107 24587 
a 304 636 0 7562 53700 
a 618 96 0 49379 10527 
a 694 874 0 81918 43588 
a 392 42 0 27225 94990 
a 774 999 0 64241 91485 
a 9 463 0 44988 85846 
a 335 544 0 40144 44760 
a 215 752 0 51257 78769 
a 365 501 0 74554 16876 
a 851 92 0 29207 5307 
a 725 629 0 59881 82285 
a 517 552 0 73446 63577 
a 922 604 0 77299 95974 
a 618 149 0 1513 65855 
a 661 599 0 29011 19640 
a 205 780 0 42550 83548 
a 681 860 0 60025 96759 
a 197 706 0 51569 69322 
a 136 637 0 64225 82128 
a 159 319 0 69384 88622 
a 453 388 0 61428 98040 
a 786 241 0 85410 98380 
a 164 521 0 39630 58822 
a 666 436 0 63446 69394 
a 670 62 0 79785 78243 
a 657 874 0 58933 60694 
a 299 547 0 19249 50179 
a 467 493 0 90326 19121 
a 280 126 0 64381 71930 
a 594 636 0 26895 95450 
a 470 329 0 32859 61688 
a 846 896 0 20595 39545 
a 744 209 0 91869 6944 
a 51 285 0 40629 61375 
a 999 587 0 59622 68973 
a 433 983 0 65888 22149 
a 598 966 0 54539 60059 
a 333 473 0 52665 50397 
a 909 255 0 8966 4726 
a 646 729 0 22877 61512 
a 345 816 0 12423 94038 
a 343 292 0 11480 96095 
a 885 532 0 13163 42855 
a 953 447 0 70842 82378 
a 650 497 0 86210 63982 
a 712 478 0 54563 71061 
a 510 686 0 71065 80256 
a 374 888 0 93533 87105 
a 70 416 0 92914 5864 
a 347 822 0 33007 92330 
a 625 750 0 7444 41584 
a 904 402 0 21040 55108 
a 832 9 0 51252 45132 
a 706 562 0 25829 79012 
a 944 424 0 37390 57418 
a 775 70 0 12364 50967 
a 370 596 0 8676 88290 
a 346 793 0 27216 31273 
a 270 804 0 50228 91212 
a 744 969 0 24397 22809 
a 623 441 0 67031 85317 
a 550 183 0 14917 24789 
a 935 768 0 52393 15425 
a 822 971 0 38013 97631 
a 337 991 0 8771 75850 
a 84 529 0 32958 39838 
a 329 130 0 33733 62215 
a 126 751 0 36968 5188 
a 845 530 0 50703 56989 
a 375 943 0 46905 69150 
a 621 903 0 46674 99087 
a 780 902 0 60325 87090 
a 75 702 0 77195 35641 
a 672 685 0 54871 73667 
a 47 270 0 12722 4900 
a 35 326 0 74091 72762 
a 767 641 0 29823 53275 
a 989 960 0 62467 80346 
a 372 111 0 95732 46596 
a 42 299 0 32783 28879 
a 145 669 0 55393 95989 
a 873 174 0 54901 41156 
a 389 183 0 6422 82075 
a 947 886 0 26615 13953 
a 526 794 0 39289 27777 
a 307 478 0 24437 97398 
a 570 301 0 27554 39577 
a 234 603 0 35022 94677 
a 600 476 0 76122 9881 
a 294 594 0 36398 18498 
a 233 118 0 74273 48981 
a 501 492 0 32206 5696 
a 389 381 0 54604 94134 
a 921 241 0 41941 9404 
a 838 350 0 29022 25405 
a 81 21 0 15427 59424 
a 95 104 0 58625 3160 
a 963 668 0 70788 5740 
a 271 548 0 15505 30493 
a 196 462 0 51727 37563 
a 350 75 0 11471 35352 
a 314 112 0 62118 849 
a 236 759 0 1155 61790 
a 559 667 0 63798 20953 
a 588 122 0 15143 57487 
a 807 177 0 16835 73860 
a 115 679 0 42538 45587 
a 608 391 0 698 39403 
a 546 427 0 61724 72898 
a 222 456 0 79405 12940 
a 907 137 0 13177 33627 
a 798 584 0 64105 48137 
a 112 819 0 18755 78069 
a 522 905 0 82464 52849 
a 112 21 0 78217 29071 
a 619 297 0 85838 62498 
a 21 662 0 15570 45561 
a 638 768 0 12412 70951 
a 679 983 0 5413 92104 
a 271 136 0 77314 7553 
a 138 779 0 82539 96152 
a 334 84 0 79175 10822 
a 364 523 0 26872 581 
a 176 393 0 96680 64233 
a 309 158 0 20176 48080 
a 962 60 0 98369 27587 
a 133 304 0 91014 66092 
a 740 292 0 4291 18659 
a 18 397 0 68 56282 
a 162 845 0 19031 74136 
a 456 784 0 69205 30848 
a 60 994 0 2264 46282 
a 356 122 0 24571 79530 
a 795 498 0 55157 72358 
a 615 534 0 6507 95780 
a 478 278 0 78789 87490 
a 6 838 0 97233 38326 
a 672 171 0 4222 38524 
a 389 815 0 31008 55221 
a 183 51 0 2915 96312 
a 274 953 0 80888 51486 
a 876 801 0 60907 56977 
a 718 279 0 61179 38593 
a 261 112 0 40509 68869 
a 365 932 0 45391 64265 
a 722 854 0 59212 21251 
a 227 885 0 75708 84463 
a 897 809 0 87088 83201 
a 423 805 0 31923 5943 
a 666 882 0 1187 86770 
a 710 374 0 35281 97368 
a 625 519 0 38238 7129 
a 54 518 0 85844 39747 
a 706 959 0 55457 4274 
a 941 916 0 70736 62812 
a 828 100 0 43303 55769 
a 329 826 0 35029 93003 
a 75 252 0 33764 28095 
a 427 753 0 77069 20796 
a 897 725 0 13072 5360 
a 501 722 0 15647 80412 
a 291 288 0 78712 18435 
a 968 960 0 77731 23306 
a 728 765 0 77148 95030 
a 931 606 0 72339 58334 
a 836 676 0 20940 81789 
a 122 649 0 48668 26127 
a 493 626 0 11709 73159 
a 950 684 0 84739 72977 
a 51 349 0 88902 18647 
a 972 234 0 16570 90374 
a 843 698 0 83368 69956 
a 662 305 0 97308 90383 
a 16 580 0 79475 72620 
a 764 591 0 70763 94149 
a 986 838 0 79825 2911 
a 901 219 0 54408 21088 
a 489 332 0 22586 120 
a 318 218 0 53221 79690 
a 305 27 0 23026 46755 
a 862 973 0 67598 77368 
a 185 715 0 98075 4760 
a 302 735 0 16122 86424 
a 445 131 0 85525 24567 
a 119 922 0 67081 25940 
a 964 584 0 87983 5582 
a 744 331 0 61431 45299 
a 45 918 0 55747 1671 
a 24 569 0 14275 24026 
a 715 573 0 72474 33276 
a 384 999 0 1943 34795 
a 541 734 0 22876 88959 
a 739 220 0 77442 51660 
a 998 89 0 2596 73527 
a 747 661 0 8242 24002 
a 717 513 0 77037 87293 
a 367 163 0 97346 78130 
a 732 59 0 8081 1625 
a 30 523 0 31036 53153 
a 925 21 0 45515 29610 
a 942 855 0 94879 25455 
a 493 458 0 23393 77478 
a 178 271 0 13323 27010 
a 153 492 0 10680 2382 
a 247 833 0 97620 16770 
a 212 913 0 40211 95180 
a 765 940 0 31823 21479 
a 373 81 0 80338 53073 
a 717 319 0 87263 22530 
a 333 912 0 19580 6261 
a 534 566 0 32152 28865 
a 827 768 0 6215 15218 
a 897 754 0 94895 42404 
a 721 393 0 21895 60763 
a 711 964 0 47175 92140 
a 202 659 0 71261 7785 
a 207 720 0 96044 85768 
a 882 779 0 37953 35296 
a 468 226 0 13003 3623 
a 845 807 0 91493 90450 
a 999 978 0 82477 38671 
a 292 703 0 29262 42191 
a 129 797 0 22073 68461 
a 458 986 0 3069 81425 
a 136 599 0 12687 30176 
a 879 992 0 10813 38909 
a 1000 211 0 77779 58303 
a 953 79 0 30305 69481 
a 592 403 0 68025 35965 
a 964 680 0 34510 81845 
a 924 853 0 40097 5555 
a 369 974 0 55331 76806 
a 812 183 0 66432 82094 
a 223 84 0 56480 93652 
a 934 326 0 76661 13606 
a 64 141 0 35094 54348 
a 804 438 0 10724 36790 
a 445 237 0 96443 38252 
a 607 291 0 58745 83424 
a 569 303 0 36406 16264 
a 223 581 0 73379 3181 
a 162 199 0 22367 22643 
a 989 855 0 66595 81895 
a 806 843 0 84746 45135 
a 922 854 0 44786 50859 
a 435 54 0 18594 69677 
a 209 875 0 93580 2322 
a 591 882 0 47517 24576 
a 708 418 0 96903 49148 
a 361 597 0 20647 30919 
a 128 763 0 63597 92442 
a 585 166 0 97455 80888 
a 297 333 0 39281 89980 
a 85 28 0 24924 33743 
a 659 643 0 1200 50385 
a 136 186 0 26907 40388 
a 708 418 0 69403 13273 
a 382 166 0 6482 81809 
a 601 961 0 18894 13940 
a 675 188 0 8667 34057 
a 571 198 0 44295 72690 
a 105 975 0 3099 53050 
a 113 893 0 11048 93529 
a 600 976 0 24076 6157 
a 106 420 0 25366 4677 
a 45 441 0 48846 64318 
a 191 142 0 68892 24283 
a 819 682 0 4103 8442 
a 745 851 0 73415 88669 
a 14 83 0 65344 96827 
a 745 990 0 56034 37606 
a 379 896 0 54088 86615 
a 645 343 0 95775 11359 
a 190 624 0 43920 1531 
a 170 678 0 8966 77612 
a 857 837 0 57865 90667 
a 576 381 0 72542 72908 
a 36 625 0 76876 28586 
a 489 485 0 51999 12838 
a 441 451 0 81967 65742 
a 926 584 0 13832 98004 
a 333 104 0 21056 50025 
a 461 86 0 41087 18618 
a 871 615 0 25609 5162 
a 804 885 0 25036 39647 
a 140 423 0 1919 69799 
a 244 51 0 75999 30503 
a 671 857 0 87160 72260 
a 492 366 0 82014 88556 
a 715 992 0 91336 40308 
a 501 565 0 45273 94125 
a 347 230 0 42805 22659 
a 716 963 0 43185 26087 
a 723 561 0 17289 29587 
a 33 738 0 93425 61897 
a 475 283 0 58089 83635 
a 493 520 0 50463 83554 
a 247 146 0 88697 8261 
a 326 87 0 24862 11927 
a 857 261 0 78072 72208 
a 534 914 0 96003 95849 
a 441 862 0 43562 50429 
a 619 41 0 83937 89555 
a 168 959 0 66770 58604 
a 432 216 0 56691 62234 
a 845 213 0 53638 67608 
a 346 571 0 75625 96892 
a 768 891 0 91596 6713 
a 146 124 0 23356 52218 
a 681 610 0 43825 19881 
a 80 287 0 16245 80746 
a 619 668 0 73519 48212 
a 493 128 0 76627 19396 
a 671 164 0 9503 73391 
a 336 607 0 28702 94342 
a 457 775 0 48614 71967 
a 658 138 0 86420 11140 
a 182 30 0 39992 98316 
a 839 837 0 21699 33218 
a 674 119 0 11735 35367 
a 951 544 0 36981 87042 
a 752 841 0 81349 26470 
a 136 262 0 17359 70683 
a 559 42 0 37991 29226 
a 289 931 0 4459 83990 
a 291 21 0 96712 12673 
a 651 604 0 16725 43231 
a 846 694 0 2752 52905 
a 167 919 0 38944 90773 
a 510 2 0 7381 69027 
a 553 435 0 17584 61312 
a 727 918 0 45863 81276 
a 83 863 0 27940 20104 
a 379 644 0 22847 66231 
a 49 391 0 24073 45832 
a 770 80 0 50785 30182 
a 662 364 0 43212 90953 
a 673 377 0 92974 21099 
a 968 297 0 12507 15786 
a 409 481 0 34366 52033 
a 972 835 0 97970 59076 
a 886 864 0 40529 14389 
a 744 539 0 42906 77413 
a 934 274 0 67937 18169 
a 769 583 0 66339 58641 
a 90 216 0 57271 8117 
a 161 284 0 30646 90257 
a 157 48 0 75441 69645 
a 653 129 0 42064 42824 
a 519 40 0 71799 56467 
a 485 398 0 17710 10530 
a 179 472 0 79299 43068 
a 379 749 0 38418 36289 
a 936 857 0 22359 29464 
a 829 160 0 7981 37170 
a 939 688 0 89714 3125 
a 812 441 0 56241 37417 
a 93 680 0 92820 93524 
a 877 110 0 56032 10979 
a 461 331 0 58117 38452 
a 258 816 0 72092 33201 
a 813 782 0 95017 18050 
a 323 648 0 23863 42232 
a 983 364 0 40458 2481 
a 168 605 0 23445 14671 
a 518 940 0 5668 2186 
a 648 209 0 45050 67152 
a 393 117 0 41044 5901 
a 448 782 0 92890 5764 
a 243 689 0 91057 40898 
a 83 130 0 60741 58641 
a 638 204 0 32631 92378 
a 857 510 0 18299 43509 
a 427 380 0 77707 74494 
a 885 542 0 16970 41648 
a 50 223 0 73467 54174 
a 254 386 0 80892 72438 
a 59 60 0 52224 90750 
a 286 903 0 37726 88585 
a 747 400 0 66994 69307 
a 645 709 0 48183 41088 
a 948 479 0 98533 73765 
a 718 997 0 13248 95154 
a 545 580 0 34912 66885 
a 311 748 0 73725 13516 
a 190 739 0 5692 18690 
a 198 515 0 67977 62004 
a 51 241 0 99305 52271 
a 471 218 0 80644 33688 
a 127 393 0 4505 56476 
a 964 558 0 97642 32588 
a 872 427 0 94531 48697 
a 234 456 0 80882 5651 
a 340 7 0 16123 57776 
a 737 657 0 89916 62619 
a 102 766 0 54590 36989 
a 829 4 0 7130 77374 
a 491 480 0 20846 10148 
a 227 169 0 68097 21515 
a 526 980 0 46659 31 
a 345 583 0 59376 41143 
a 56 668 0 80319 87691 
a 733 128 0 22278 51225 
a 207 555 0 46501 3612 
a 473 670 0 93055 88413 
a 251 68 0 71332 57264 
a 960 919 0 17448 32820 
a 386 467 0 76461 70295 
a 988 158 0 715 81995 
a 703 634 0 14435 90416 
a 411 359 0 92979 36251 
a 876 142 0 51737 27957 
a 960 825 0 64190 33470 
a 663 980 0 5548 75188 
a 975 37 0 92959 53652 
a 365 45 0 5644 39623 
a 925 569 0 79207 98736 
a 821 519 0 83790 46904 
a 564 12 0 91817 41587 
a 309 563 0 89557 46257 
a 523 652 0 79387 29554 
a 15 320 0 93728 82110 
a 919 214 0 4690 22632 
a 342 98 0 68257 79132 
a 312 411 0 11600 44008 
a 384 727 0 25235 24788 
a 947 143 0 97003 21673 
a 381 524 0 56363 23426 
a 779 162 0 39621 3746 
a 777 1 0 39176 38999 
a 201 728 0 32687 37326 
a 845 414 0 66566 39694 
a 758 278 0 78039 10917 
a 451 556 0 12117 7086 
a 368 423 0 25517 73855 
a 666 710 0 65364 74837 
a 763 644 0 83374 62676 
a 382 535 0 58260 17576 
a 878 900 0 83002 83986 
a 24 735 0 57003 19228 
a 964 991 0 54359 26153 
a 712 798 0 11812 11936 
a 994 938 0 57292 98010 
a 969 712 0 41320 91622 
a 798 800 0 18333 21782 
a 159 575 0 77984 84302 
a 1000 351 0 42548 39554 
a 375 196 0 16203 58498 
a 451 773 0 5703 27872 
a 425 346 0 85835 53342 
a 355 49 0 83232 53431 
a 879 89 0 20359 19477 
a 700 79 0 39428 44321 
a 906 712 0 1143 50380 
a 909 591 0 82772 95933 
a 749 133 0 37106 15438 
a 860 858 0 91472 78349 
a 258 305 0 82535 92930 
a 566 817 0 27047 62983 
a 847 57 0 4877 40999 
a 808 696 0 83190 40157 
a 613 21 0 89051 37774 
a 994 412 0 62158 56521 
a 117 776 0 5151 67983 
a 342 51 0 31593 61389 
a 511 103 0 72363 32729 
a 247 497 0 90925 14519 
a 275 308 0 23512 11520 
a 350 848 0 68441 74301 
a 823 869 0 11849 11243 
a 412 601 0 77568 55017 
a 616 318 0 4534 95422 
a 528 721 0 84129 14510 
a 244 112 0 75717 98960 
a 652 599 0 75033 9567 
a 132 454 0 46201 98470 
a 643 617 0 73311 35233 
a 140 467 0 16394 26392 
a 250 477 0 14398 46485 
a 354 867 0 4560 88262 
a 574 741 0 84210 45890 
a 796 268 0 33371 66846 
a 512 14 0 20838 9281 
a 589 607 0 4313 74250 
a 619 65 0 98584 12975 
a 386 688 0 61721 43737 
a 661 731 0 45569 20689 
a 497 769 0 76056 36615 
a 804 865 0 94286 86076 
a 194 198 0 69476 76435 
a 71 705 0 28263 27654 
a 164 581 0 65855 12622 
a 192 22 0 67371 36939 
a 898 626 0 72086 58785 
a 447 92 0 29346 87693 
a 112 819 0 87876 47089 
a 417 49 0 15721 24467 
a 965 349 0 97143 89437 
a 844 467 0 96670 22002 
a 903 228 0 15764 38615 
a 946 68 0 11112 23538 
a 465 418 0 57588 98133 
a 600 309 0 55983 85719 
a 290 846 0 33477 38206 
a 788 216 0 11707 80550 
a 836 623 0 16600 37083 
a 575 254 0 39669 30710 
a 63 399 0 91275 81943 
a 664 197 0 91903 83559 
a 423 817 0 52365 31579 
a 301 943 0 93199 61287 
a 34 176 0 37575 64327 
a 847 955 0 91505 59917 
a 830 10 0 55935 8988 
a 897 569 0 23756 8245 
a 829 36 0 22363 83947 
a 186 685 0 11159 39306 
a 380 20 0 20376 50251 
a 879 482 0 80478 71601 
a 415 475 0 92879 18103 
a 38 668 0 6021 45034 
a 257 735 0 4408 33045 
a 211 424 0 80780 7435 
a 539 891 0 27268 8042 
a 98 638 0 54595 1511 
a 95 246 0 78749 60747 
a 224 271 0 22202 59216 
a 502 475 0 76904 61426 
a 367 658 0 4703 70781 
a 103 402 0 88346 96322 
a 261 361 0 44238 59013 
a 940 378 0 13095 3689 
a 753 739 0 23543 56001 
a 996 572 0 88722 45301 
a 157 756 0 29607 48965 
a 557 72 0 98860 34913 
a 24 653 0 3772 34762 
a 306 639 0 39617 56977 
a 924 48 0 59397 98426 
a 953 53 0 31495 73874 
a 126 684 0 2593 10141 
a 849 522 0 64148 37953 
a 254 543 0 61571 17147 
a 6 309 0 26620 95891 
a 88 276 0 15774 92372 
a 432 756 0 6676 97197 
a 699 932 0 17245 89911 
a 463 213 0 39419 96114 
a 2 807 0 13565 49035 
a 62 912 0 47588 66739 
a 639 783 0 14231 82991 
a 670 732 0 43768 34909 
a 825 958 0 90469 86638 
a 246 901 0 58200 67142 
a 414 468 0 62269 97836 
a 626 142 0 14960 46962 
a 989 402 0 5805 51500 
a 145 441 0 3979 11903 
a 217 361 0 9421 72373 
a 772 630 0 86724 20756 
a 50 786 0 17039 62817 
a 673 219 0 29290 69909 
a 626 405 0 24065 55305 
a 202 469 0 78257 80049 
a 872 229 0 32812 15797 
a 803 544 0 81875 30109 
a 876 406 0 31949 3812 
a 216 652 0 11945 24005 
a 85 801 0 37634 17768 
a 659 517 0 60256 37514 
a 243 642 0 22768 80033 
a 397 167 0 67499 7619 
a 794 721 0 65195 45135 
a 183 1000 0 92278 94690 
a 146 627 0 65691 46723 
a 627 303 0 43205 69060 
a 796 228 0 22236 34087 
a 423 935 0 77983 47883 
a 840 156 0 98322 87481 
a 733 670 0 19983 35598 
a 770 369 0 89953 42937 
a 759 782 0 55033 1892 
a 804 945 0 78522 1933 
a 669 817 0 48959 64731 
a 206 153 0 54859 49000 
a 601 118 0 69868 32869 
a 191 488 0 13565 51261 
a 434 631 0 8269 2170 
a 33 814 0 46089 67872 
a 367 679 0 62814 93147 
a 953 963 0 6068 54474 
a 127 913 0 99774 63315 
a 201 144 0 81072 8035 
a 794 391 0 342 27272 
a 504 299 0 81154 60806 
a 833 799 0 81407 69865 
a 710 119 0 46545 98652 
a 879 153 0 12677 43354 
a 40 738 0 84296 48632 
a 259 927 0 55848 98200 
a 805 304 0 66852 53451 
a 1000 439 0 19967 8888 
a 863 495 0 64308 26301 
a 295 527 0 61236 21176 
a 339 736 0 36474 58598 
a 24 965 0 55202 65185 
a 346 373 0 80917 35263 
a 924 822 0 34604 49979 
a 547 278 0 18767 97432 
a 445 995 0 17110 79559 
a 379 411 0 1386 80889 
a 166 417 0 43770 7674 
a 702 663 0 37832 49969 
a 857 44 0 11201 79394 
a 425 930 0 75632 41377 
a 969 581 0 8357 91085 
a 407 689 0 15487 30052 
a 313 25 0 62197 37253 
a 545 570 0 4293 30130 
a 234 579 0 55660 2657 
a 506 300 0 30300 48053 
a 367 121 0 6017 1152 
a 1000 155 0 39200 11990 
a 393 472 0 82068 58934 
a 844 524 0 615 11999 
a 859 921 0 94547 89150 
a 302 505 0 80708 98739 
a 217 34 0 15728 7296 
a 386 483 0 18542 5032 
a 730 603 0 71389 92391 
a 821 518 0 61331 74233 
a 781 703 0 1170 7592 
a 403 958 0 86860 2075 
a 430 197 0 1779 55745 
a 310 144 0 30146 24580 
a 764 734 0 51588 60314 
a 745 221 0 35779 13608 
a 712 216 0 64905 30171 
a 973 73 0 77411 73737 
a 501 943 0 39477 87951 
a 410 119 0 21526 69445 
a 869 190 0 41799 15972 
a 922 265 0 63848 49928 
a 478 723 0 21340 1167 
a 923 618 0 33697 80389 
a 710 888 0 57027 41052 
a 150 635 0 44057 33273 
a 177 230 0 17160 6428 
a 243 296 0 63335 40672 
a 824 261 0 57370 43338 
a 375 521 0 98494 60001 
a 463 910 0 90341 36750 
a 201 490 0 8685 59055 
a 943 396 0 35699 51494 
a 376 767 0 13493 83670 
a 930 757 0 98819 12170 
a 692 89 0 20579 31499 
a 441 8 0 33254 83074 
a 676 520 0 73751 18750 
a 882 991 0 13059 61614 
a 133 172 0 14401 93273 
a 283 265 0 78524 4260 
a 692 92 0 56764 16987 
a 883 35 0 21617 62781 
a 892 996 0 596 13410 
a 960 972 0 45932 20303 
a 707 484 0 43642 51921 
a 39 982 0 69999 81696 
a 714 15 0 10659 19391 
a 231 412 0 42531 90846 
a 293 416 0 85769 11957 
a 447 935 0 3498 18566 
a 346 948 0 20577 64949 
a 699 357 0 55909 89222 
a 26 968 0 91752 27380 
a 485 896 0 9716 91576 
a 879 76 0 98654 78890 
a 543 60 0 21513 49919 
a 628 170 0 24125 81695 
a 865 111 0 81489 15284 
a 526 279 0 29699 57807 
a 940 245 0 92590 73302 
a 882 146 0 20250 82702 
a 634 33 0 45895 55232 
a 833 500 0 92506 90602 
a 994 390 0 20945 81775 
a 950 662 0 76865 93672 
a 532 301 0 30069 65426 
a 558 643 0 92592 27676 
a 203 826 0 81735 46497 
a 936 162 0 62753 50033 
a 405 416 0 59516 40328 
a 711 93 0 77142 32702 
a 788 457 0 477 28807 
a 832 658 0 48954 11954 
a 580 4 0 9625 37996 
a 485 366 0 84122 79864 
a 415 117 0 65498 5483 
a 187 53 0 71006 28206 
a 385 841 0 56097 56008 
a 76 583 0 2496 84450 
a 118 857 0 34012 71998 
a 131 765 0 62640 11707 
a 241 40 0 94980 66821 
a 620 750 0 45519 79685 
a 479 701 0 65037 42893 
a 606 730 0 25399 52131 
a 3 67 0 28015 44204 
a 745 78 0 64045 77715 
a 359 647 0 37353 93419 
a 917 143 0 23632 15969 
a 469 489 0 34006 37368 
a 471 801 0 51816 77603 
a 732 958 0 35704 11584 
a 979 534 0 19306 9449 
a 236 625 0 71901 74468 
a 446 214 0 19668 8255 
a 421 19 0 13440 54750 
a 852 24 0 86105 4684 
a 337 502 0 86307 2079 
a 757 920 0 40627 19148 
a 798 304 0 64818 29913 
a 452 854 0 67255 54453 
a 320 769 0 11119 92315 
a 809 490 0 92834 56763 
a 730 229 0 65150 41815 
a 530 552 0 66534 46005 
a 706 502 0 91989 74220 
a 1000 18 0 52253 89600 
a 340 935 0 62009 78026 
a 291 309 0 86926 69268 
a 995 39 0 73319 71076 
a 190 297 0 12125 69683 
a 368 279 0 25690 25131 
a 275 439 0 56356 99862 
a 656 256 0 20497 50253 
a 201 578 0 31108 43431 
a 201 574 0 92144 35170 
a 340 1 0 4977 22304 
a 760 968 0 73067 17278 
a 826 144 0 37073 49790 
a 848 856 0 56560 86472 
a 892 939 0 83456 43795 
a 196 326 0 49542 10712 
a 100 165 0 38483 68522 
a 443 722 0 832 8013 
a 691 335 0 36699 73974 
a 647 411 0 49562 79531 
a 817 566 0 20341 6533 
a 39 17 0 63091 61453 
a 879 630 0 72493 71051 
a 733 402 0 24099 49603 
a 516 865 0 26630 35136 
a 780 911 0 82505 99983 
a 63 898 0 89495 79672 
a 24 1 0 9418 10935 
a 452 227 0 56219 16143 
a 729 139 0 77572 48126 
a 594 528 0 54038 10950 
a 821 13 0 45485 82316 
a 266 177 0 24179 79663 
a 904 464 0 41077 71627 
a 383 914 0 40193 40020 
a 907 241 0 24536 34998 
a 355 721 0 65458 41515 
a 341 612 0 59946 31589 
a 880 998 0 72553 21517 
a 671 117 0 40512 82057 
a 174 837 0 82883 73130 
a 208 257 0 93181 41974 
a 77 758 0 36182 48384 
a 297 716 0 35045 65077 
a 967 553 0 66424 61846 
a 290 794 0 66087 74621 
a 645 1 0 43191 4373 
a 936 70 0 60725 94790 
a 653 93 0 35689 24475 
a 398 985 0 63990 80928 
a 568 42 0 70382 85652 
a 37 942 0 7326 27325 
a 866 817 0 82588 62043 
a 480 716 0 33655 24320 
a 900 140 0 7429 91899 
a 264 471 0 61712 82695 
a 379 911 0 16137 68586 
a 511 435 0 25603 42665 
a 480 762 0 80034 12274 
a 682 339 0 97115 37165 
a 408 70 0 36337 31896 
a 450 41 0 35529 84762 
a 757 39 0 37523 56663 
a 118 390 0 12496 46149 
a 533 631 0 89090 89108 
a 813 256 0 28026 90051 
a 49 14 0 19326 7577 
a 900 834 0 67682 79268 
a 211 889 0 79115 25017 
a 668 779 0 50820 5681 
a 881 519 0 39800 93111 
a 370 474 0 85000 74213 
a 142 560 0 42789 26014 
a 103 739 0 72715 60077 
a 243 781 0 55844 6337 
a 881 593 0 13087 41056 
a 961 624 0 7899 27542 
a 462 253 0 3458 37154 
a 898 112 0 6766 21529 
a 162 429 0 73598 73641 
a 990 7 0 92235 17943 
a 906 101 0 78712 20305 
a 87 275 0 40846 82620 
a 273 384 0 36514 49713 
a 59 842 0 17991 86605 
a 99 823 0 18363 312 
a 262 373 0 68055 64261 
a 534 387 0 94736 26401 
a 611 262 0 43910 29298 
a 62 766 0 91343 66330 
a 694 358 0 3377 30892 
a 134 66 0 33691 62720 
a 594 963 0 42150 48571 
a 510 858 0 45186 24058 
a 80 519 0 90197 44202 
a 328 642 0 16636 25716 
a 873 9 0 71806 12124 
a 207 161 0 83510 10266 
a 508 522 0 18198 94384 
a 405 705 0 31374 61898 
a 151 585 0 26043 57035 
a 156 468 0 99638 97805 
a 392 882 0 75220 55553 
a 855 276 0 69077 40613 
a 637 693 0 54803 52731 
a 656 504 0 99551 10235 
a 246 935 0 97550 90740 
a 402 827 0 30923 970 
a 949 1000 0 90029 60594 
a 545 486 0 72387 90231 
a 406 677 0 8072 56840 
a 838 157 0 83253 58998 
a 997 314 0 25362 53100 
a 169 107 0 91680 90882 
a 58 59 0 56749 84911 
a 828 292 0 6946 56639 
a 815 409 0 27270 80373 
a 883 206 0 55544 84047 
a 199 586 0 2882 36202 
a 116 817 0 11714 59239 
a 608 176 0 79550 97048 
a 125 673 0 99009 4897 
a 382 327 0 3602 59328 
a 802 299 0 11030 33179 
a 480 318 0 88171 87330 
a 380 371 0 36714 76781 
a 363 663 0 98043 98942 
a 625 712 0 78376 60264 
a 590 64 0 98394 51155 
a 575 103 0 19144 85563 
a 14 396 0 1656 31339 
a 414 22 0 30538 70546 
a 724 629 0 1145 39314 
a 696 922 0 10639 97575 
a 114 47 0 50118 27344 
a 148 354 0 8617 182 
a 519 376 0 30563 50465 
a 706 306 0 22357 40309 
a 883 454 0 57275 67905 
a 290 373 0 52498 6002 
a 835 928 0 79710 27895 
a 30 995 0 58408 90008 
a 364 3 0 76589 62757 
a 327 831 0 89448 93410 
a 996 684 0 86373 18944 
a 187 512 0 58347 35285 
a 33 106 0 80539 47568 
a 686 394 0 82563 39254 
a 913 459 0 65914 84962 
a 354 673 0 44252 10918 
a 235 765 0 97416 59943 
a 457 200 0 9764 16325 
a 301 245 0 93133 74711 
a 914 590 0 5564 20951 
a 312 316 0 69984 19684 
a 596 778 0 69044 51107 
a 500 286 0 60083 99081 
a 298 994 0 79914 95256 
a 546 710 0 25441 63694 
a 537 258 0 30669 71425 
a 625 953 0 61801 70030 
a 654 867 0 13124 48683 
a 266 923 0 71155 10917 
a 380 20 0 82035 25638 
a 41 154 0 86901 91621 
a 169 710 0 6598 36946 
a 747 340 0 55605 57706 
a 97 198 0 35886 80008 
a 391 223 0 14985 16067 
a 71 953 0 85294 28389 
a 745 220 0 58999 29003 
a 412 697 0 97600 25885 
a 683 539 0 47823 2647 
a 623 303 0 44494 35761 
a 811 580 0 3007 35731 
a 296 636 0 12236 53366 
a 150 329 0 26261 42417 
a 662 72 0 58560 77151 
a 710 98 0 94079 13781 
a 249 373 0 37052 73042 
a 900 387 0 9804 36575 
a 477 753 0 59889 60220 
a 591 894 0 39779 44987 
a 786 524 0 10203 92497 
a 563 677 0 20826 41394 
a 78 396 0 21270 8870 
a 752 261 0 2617 85483 
a 820 638 0 11302 79185 
a 453 46 0 80368 17599 
a 167 559 0 99841 76494 
a 122 723 0 80799 51830 
a 846 437 0 34575 66330 
a 962 518 0 87472 47086 
a 340 876 0 25856 14939 
a 815 1000 0 30374 40297 
a 128 775 0 20287 83497 
a 182 889 0 18999 4875 
a 350 517 0 44450 93336 
a 387 729 0 68223 79703 
a 286 742 0 15161 18462 
a 998 605 0 51896 99176 
a 453 87 0 43635 85922 
a 628 45 0 20340 43190 
a 982 552 0 57481 42027 
a 129 349 0 17478 15395 
a 747 267 0 73015 4143 
a 363 49 0 69340 62104 
a 144 76 0 52424 86543 
a 292 614 0 41531 90989 
a 574 122 0 24253 34086 
a 968 643 0 68001 23994 
a 646 695 0 20946 49086 
a 327 209 0 19124 56530 
a 481 699 0 58276 59350 
a 247 864 0 11241 1706 
a 112 742 0 45444 61332 
a 575 306 0 5551 59918 
a 194 254 0 97951 87380 
a 669 781 0 34795 7456 
a 198 207 0 43331 91334 
a 85 740 0 12648 46685 
a 99 925 0 65314 53498 
a 870 822 0 412 49927 
a 682 949 0 40741 3367 
a 568 990 0 28293 59336 
a 975 156 0 85348 46480 
a 415 509 0 94487 75864 
a 991 130 0 39464 60370 
a 441 520 0 94264 81838 
a 919 310 0 92755 93840 
a 110 156 0 63369 93726 
a 143 584 0 68328 63642 
a 928 497 0 55347 34333 
a 970 794 0 60837 93134 
a 950 182 0 10732 46983 
a 764 105 0 50638 78595 
a 443 166 0 17575 48158 
a 247 298 0 96664 623 
a 55 922 0 7409 29624 
a 97 831 0 44331 20402 
a 720 389 0 78495 76242 
a 615 948 0 71629 13613 
a 178 87 0 89072 61467 
a 149 199 0 36487 98369 
a 427 126 0 17358 18969 
a 172 491 0 81564 7813 
a 660 274 0 42146 65842 
a 401 183 0 98823 42855 
a 220 875 0 58117 70575 
a 95 815 0 55534 16029 
a 900 149 0 3361 17222 
a 736 749 0 35829 63570 
a 475 338 0 43115 16165 
a 622 402 0 57467 59521 
a 707 229 0 23314 51393 
a 488 758 0 82175 13083 
a 160 837 0 80378 34420 
a 212 540 0 49748 68366 
a 126 376 0 69449 55725 
a 779 763 0 31026 54360 
a 573 248 0 52379 86081 
a 170 382 0 12926 52132 
a 583 420 0 68833 82131 
a 563 407 0 99924 56166 
a 920 468 0 99173 93283 
a 258 170 0 40666 7213 
a 452 543 0 16128 50295 
a 13 377 0 65854 65159 
a 954 695 0 13800 39816 
a 98 227 0 54100 72139 
a 384 329 0 97142 33742 
a 186 133 0 26154 28499 
a 151 26 0 12837 47393 
a 387 531 0 4702 67194 
a 4 612 0 3354 46322 
a 113 850 0 66897 65812 
a 138 158 0 69989 8007 
a 210 958 0 59837 79676 
a 821 525 0 37800 71705 
a 724 302 0 45393 14317 
a 353 199 0 25624 77448 
a 997 536 0 90127 81108 
a 444 395 0 37722 3441 
a 277 622 0 18449 95967 
a 160 864 0 10124 60060 
a 899 276 0 2766 87760 
a 455 372 0 64349 88189 
a 189 163 0 73027 80419 
a 882 582 0 43953 39825 
a 617 419 0 89928 770 
a 545 947 0 35221 89666 
a 439 914 0 40939 42656 
a 490 264 0 2331 37833 
a 977 193 0 86415 87232 
a 740 739 0 99442 15917 
a 951 162 0 4228 39106 